Date,Open,High,Low,Close,Adj Close,Volume
2000-05-15,17.734600,18.602699,17.734600,18.602699,9.376492,61280484
2000-05-16,18.974800,19.222799,18.354700,19.160801,9.657798,112096679457
2000-05-17,19.594801,20.215000,19.408800,19.656900,9.907853,89215524570
2000-05-18,19.098801,19.594801,18.912701,19.222799,9.689047,36414869904
2000-05-19,18.974800,19.656900,18.974800,19.346800,9.751550,38683299
2000-05-22,18.540600,18.726700,18.044600,18.044600,9.095189,30972918596
2000-05-23,18.106701,18.168600,17.362499,17.610600,8.876434,20592249751
2000-05-24,17.114500,17.548500,17.052500,17.052500,8.595130,15011416
2000-05-25,17.362499,17.486500,16.370399,16.370399,8.251326,35063356660
2000-05-26,16.060301,16.370399,15.936300,16.184299,8.157524,21027493
2000-05-29,16.246401,16.928499,16.246401,16.866400,8.501328,18570947104
2000-05-30,16.866400,16.866400,16.866400,16.866400,8.501328,0
2000-05-31,17.610600,17.610600,17.114500,17.300501,8.720135,20478363
2000-06-01,17.362499,17.672600,17.052500,17.052500,8.595130,14058475381
2000-06-02,17.362499,17.734600,17.052500,17.114500,8.626381,21916122707
2000-06-05,17.548500,17.548500,17.114500,17.114500,8.626381,8756792
2000-06-06,17.114500,17.114500,17.114500,17.114500,8.626381,0
2000-06-07,17.114500,17.300501,16.494400,16.556400,8.345077,21187067
2000-06-08,16.742500,17.672600,16.742500,17.672600,8.907685,40762560853
2000-06-09,17.610600,17.610600,17.052500,17.114500,8.626381,22724085
2000-06-12,17.114500,17.362499,16.742500,16.742500,8.438879,10434697124
2000-06-13,16.432400,16.866400,16.432400,16.556400,8.345077,9984239335
2000-06-14,16.556400,16.866400,16.556400,16.556400,8.345077,9791161113
2000-06-15,16.556400,16.742500,16.432400,16.494400,8.313826,12211731725
2000-06-16,16.556400,16.680401,16.246401,16.246401,8.188826,10637753
2000-06-19,15.998300,16.432400,15.688300,16.432400,8.282575,14675286904
2000-06-20,16.618401,16.742500,15.936300,15.936300,8.032524,11293569008
2000-06-21,15.936300,16.246401,15.812300,15.936300,8.032524,7621399
2000-06-22,16.122299,16.184299,15.812300,16.122299,8.126273,9038956
2000-06-23,16.122299,16.122299,15.936300,15.998300,8.063773,5218897110
2000-06-26,15.812300,15.998300,15.502200,15.750300,7.938771,7847717355
2000-06-27,15.750300,15.812300,15.316200,15.316200,7.719967,6451448
2000-06-28,15.192200,15.440300,14.572100,14.696100,7.407412,9603316
2000-06-29,14.820200,15.006200,13.766000,14.324100,7.219909,14514096
2000-06-30,14.448100,15.316200,14.262100,15.130200,7.626216,23745614
2000-07-03,15.254200,15.626300,15.130200,15.626300,7.876270,23078663
2000-07-04,15.626300,15.626300,14.758100,14.882200,7.501215,10219620
2000-07-05,14.882200,15.626300,14.634200,15.316200,7.719967,21130462091
2000-07-06,15.316200,15.626300,14.882200,15.440300,7.782519,16591251
2000-07-07,15.626300,15.874300,15.006200,15.006200,7.563717,16585831778
2000-07-10,15.068200,15.254200,14.758100,15.006200,7.563717,8549976773
2000-07-11,15.006200,15.254200,14.758100,14.882200,7.501215,9986451
2000-07-12,15.006200,15.130200,14.262100,14.324100,7.219909,8015311
2000-07-13,14.510100,15.006200,14.324100,14.820200,7.469963,13775887543
2000-07-14,14.820200,15.812300,14.758100,15.750300,7.938771,34880013
2000-07-17,16.432400,17.052500,16.370399,16.804399,8.470078,35999608419
2000-07-18,16.494400,16.494400,15.688300,15.688300,7.907518,19348204523
2000-07-19,16.494400,16.494400,15.688300,15.688300,7.907518,19348204523
2000-07-20,15.564300,15.874300,15.130200,15.192200,7.657465,22953117815
2000-07-21,16.779900,16.996901,16.635300,16.635300,8.480561,24965674512
2000-07-24,16.779900,17.141600,16.635300,16.924601,8.628045,16110457105
2000-07-25,16.635300,17.141600,16.635300,16.635300,8.480561,15214751004
2000-07-26,16.996901,17.358500,16.779900,16.924601,8.628045,19593278013
2000-07-27,16.852301,17.213900,16.779900,17.141600,8.738670,13429740073
2000-07-28,16.996901,17.575500,16.996901,17.503201,8.923012,19101803714
2000-07-31,17.720200,18.226500,17.503201,17.937201,9.144261,23193176541
2000-08-01,18.081900,18.226500,17.430901,17.575500,8.959869,8393942340
2000-08-02,17.575500,17.720200,17.358500,17.430901,8.886153,6986738270
2000-08-03,17.430901,17.503201,16.996901,16.996901,8.664904,8047298749
2000-08-04,17.213900,17.286200,16.996901,17.213900,8.775530,6257953917
2000-08-07,17.575500,17.575500,16.852301,16.996901,8.664904,7839361958
2000-08-08,17.213900,17.286200,16.707600,16.996901,8.664904,7371051481
2000-08-09,17.213900,17.575500,17.069300,17.575500,8.959869,15148565861
2000-08-10,17.575500,17.792500,16.996901,16.996901,8.664904,12045978407
2000-08-11,17.141600,17.430901,16.996901,16.996901,8.664904,10224777515
2000-08-14,17.213900,17.286200,16.707600,16.779900,8.554278,9245296526
2000-08-15,16.852301,16.996901,16.418301,16.563000,8.443703,8593094034
2000-08-16,16.418301,16.779900,16.418301,16.563000,8.443703,5581124
2000-08-17,16.563000,16.924601,16.563000,16.779900,8.554278,7607572
2000-08-18,16.924601,17.503201,16.924601,17.069300,8.701812,22669515
2000-08-21,16.852301,17.141600,16.779900,16.996901,8.664904,10368144448
2000-08-22,17.069300,17.141600,16.779900,16.852301,8.591187,8681843
2000-08-23,16.852301,16.852301,16.852301,16.852301,8.591187,0
2000-08-24,16.852301,16.996901,16.273600,16.273600,8.296169,14507660589
2000-08-25,16.273600,16.563000,15.984300,16.129000,8.222453,12291201158
2000-08-28,15.912000,16.056700,15.333400,15.405700,7.853720,9664718360
2000-08-29,14.827100,15.405700,14.465500,14.899400,7.595612,9734085200
2000-08-30,14.827100,15.044100,13.886800,13.959200,7.116304,13922404453
2000-08-31,13.742200,14.393100,13.742200,14.176200,7.226928,13985824
2000-09-01,14.393100,14.465500,13.235900,13.235900,6.747572,13568449
2000-09-04,14.248500,14.827100,14.248500,14.754800,7.521896,22080181
2000-09-05,14.827100,15.044100,14.465500,14.899400,7.595612,14774627374
2000-09-06,14.899400,15.116400,14.465500,14.682400,7.484987,12141393857
2000-09-07,14.320800,14.465500,14.103800,14.103800,7.190020,6841014390
2000-09-08,14.103800,14.320800,13.959200,14.176200,7.226928,6424826791
2000-09-11,13.669900,14.176200,13.669900,14.031500,7.153162,4375502
2000-09-12,14.031500,14.031500,14.031500,14.031500,7.153162,0
2000-09-13,14.031500,14.176200,13.814600,14.031500,7.153162,4246440191
2000-09-14,14.103800,14.103800,13.597500,13.597500,6.931912,5209004
2000-09-15,13.597500,14.103800,13.452900,13.814600,7.042588,7573950587
2000-09-18,13.742200,13.959200,13.235900,13.235900,6.747572,7148060282
2000-09-19,13.018900,13.380600,12.729600,12.801900,6.526321,14830775
2000-09-20,13.452900,13.452900,12.801900,13.235900,6.747572,11818504242
2000-09-21,13.235900,13.886800,13.018900,13.886800,7.079395,19700886
2000-09-22,14.103800,14.320800,13.742200,13.814600,7.042588,29481175737
2000-09-25,13.886800,14.176200,13.597500,13.669900,6.968822,17257313
2000-09-26,13.669900,13.742200,13.091200,13.235900,6.747572,11703260
2000-09-27,13.380600,13.742200,13.091200,13.380600,6.821339,8786691
2000-09-28,13.380600,13.597500,13.235900,13.380600,6.821339,6524910
2000-09-29,13.452900,13.452900,13.018900,13.018900,6.636946,6822202795
2000-10-02,12.006300,12.512600,11.572400,11.572400,5.899529,11250246
2000-10-03,11.572400,12.368000,11.427700,12.368000,6.305121,16585769
2000-10-04,12.006300,13.091200,12.006300,12.585000,6.415747,35426578
2000-10-05,12.874300,13.018900,12.440300,12.585000,6.415747,12690257
2000-10-06,12.585000,13.163600,12.585000,13.091200,6.673803,17544660
2000-10-09,12.946600,13.018900,12.368000,12.368000,6.305121,14712286
2000-10-10,12.368000,12.368000,12.368000,12.368000,6.305121,0
2000-10-11,12.006300,12.151000,12.006300,12.006300,6.120729,10685383
2000-10-12,11.572400,12.295600,11.283100,11.934000,6.083871,19643604
2000-10-13,11.427700,12.729600,11.283100,12.729600,6.489463,16855944
2000-10-16,12.729600,12.729600,12.729600,12.729600,6.489463,0
2000-10-17,11.644700,12.585000,11.644700,12.295600,6.268211,13499647
2000-10-18,12.295600,12.657300,12.006300,12.223300,6.231354,17401339
2000-10-19,11.934000,12.223300,11.427700,11.427700,5.825763,18976692
2000-10-20,12.223300,12.223300,11.861700,12.223300,6.231354,11565184
2000-10-23,12.295600,12.657300,12.078700,12.151000,6.194497,11569628
2000-10-24,11.934000,12.657300,11.934000,12.368000,6.305121,12992039
2000-10-25,12.368000,12.657300,12.295600,12.585000,6.415747,15252953
2000-10-26,12.657300,13.091200,12.440300,12.801900,6.526321,29719467
2000-10-27,12.801900,12.801900,12.801900,12.801900,6.526321,0
2000-10-30,12.006300,12.006300,12.006300,12.006300,6.120729,1291429
2000-10-31,11.717000,12.440300,11.717000,11.934000,6.083871,26189693
2000-11-01,12.078700,12.295600,11.644700,11.934000,6.083871,21675423
2000-11-02,12.295600,12.295600,12.006300,12.151000,6.194497,14448485
2000-11-03,12.440300,12.512600,12.223300,12.440300,6.341978,14769000
2000-11-06,12.440300,12.440300,12.006300,12.006300,6.120729,8966185
2000-11-07,12.295600,12.440300,12.078700,12.295600,6.268211,10077300
2000-11-08,12.368000,12.729600,12.151000,12.657300,6.452605,21524830
2000-11-09,12.657300,12.801900,12.512600,12.657300,6.452605,13620702
2000-11-10,12.801900,13.018900,12.585000,12.946600,6.600088,17034756
2000-11-13,12.151000,13.018900,12.151000,12.946600,6.600088,18331154
2000-11-14,13.163600,13.308200,12.801900,12.874300,6.563230,19908359
2000-11-15,13.018900,13.308200,12.801900,13.091200,6.673803,20969812
2000-11-16,12.223300,12.874300,12.223300,12.223300,6.231354,10869485
2000-11-17,12.368000,12.368000,11.572400,12.223300,6.231354,10811543
2000-11-20,10.993700,11.355400,10.776800,10.776800,5.493939,8149066
2000-11-21,10.415100,11.138400,10.415100,11.138400,5.678279,14205921
2000-11-22,11.138400,11.572400,10.993700,11.500000,5.862621,16018777
2000-11-23,11.500000,11.717000,11.138400,11.572400,5.899529,17691935
2000-11-24,11.644700,12.151000,11.644700,12.151000,6.194497,15269599
2000-11-27,12.368000,12.440300,12.151000,12.223300,6.231354,14245588
2000-11-28,12.078700,12.295600,11.861700,11.861700,6.047012,7944726
2000-11-29,11.717000,11.934000,11.644700,11.717000,5.973247,4587667
2000-11-30,11.861700,11.934000,11.572400,11.789300,6.010104,6257612
2000-12-01,12.223300,12.223300,11.861700,12.006300,6.120729,20129659
2000-12-04,11.717000,11.717000,11.355400,11.355400,5.788906,6402838
2000-12-05,11.355400,11.572400,11.210700,11.427700,5.825763,12260347
2000-12-06,11.717000,11.717000,11.283100,11.283100,5.752047,11194788
2000-12-07,11.066100,11.283100,11.066100,11.066100,5.641422,8184978
2000-12-08,11.066100,11.283100,11.066100,11.210700,5.715138,7155664
2000-12-11,11.283100,11.427700,11.210700,11.355400,5.788906,10184078
2000-12-12,11.427700,11.717000,11.355400,11.500000,5.862621,15132155
2000-12-13,11.572400,11.572400,11.283100,11.500000,5.862621,10713428
2000-12-14,11.427700,11.717000,11.355400,11.500000,5.862621,12383803
2000-12-15,11.572400,11.644700,11.355400,11.500000,5.862621,14856325
2000-12-18,11.500000,11.500000,10.993700,10.993700,5.604513,7260052
2000-12-19,10.993700,11.427700,10.704400,11.355400,5.788906,14053544
2000-12-20,11.283100,11.500000,11.066100,11.427700,5.825763,15265299
2000-12-21,11.066100,11.427700,11.066100,11.138400,5.678279,9173591
2000-12-22,10.993700,11.283100,10.921400,10.993700,5.604513,4787532
2000-12-25,null,null,null,null,null,null
2000-12-26,11.066100,11.210700,10.849100,10.921400,5.567655,3197080
2000-12-27,10.921400,10.921400,10.559800,10.632100,5.420171,3811686
2000-12-28,10.342800,11.066100,10.342800,11.066100,5.641422,8469775
2000-12-29,10.993700,11.138400,10.776800,10.921400,5.567655,9180475
2001-01-01,10.921400,10.921400,10.921400,10.921400,5.567655,0
2001-01-02,11.066100,11.717000,10.921400,11.283100,5.752047,9255149
2001-01-03,11.283100,11.717000,11.210700,11.717000,5.973247,16934047
2001-01-04,11.934000,12.295600,11.861700,12.006300,6.120729,18608836
2001-01-05,11.934000,12.006300,11.500000,11.644700,5.936388,10738343
2001-01-08,11.500000,11.789300,11.355400,11.427700,5.825763,9827004
2001-01-09,11.427700,11.789300,11.427700,11.717000,5.973247,14852689
2001-01-10,11.717000,11.861700,11.572400,11.644700,5.936388,15277840
2001-01-11,11.789300,12.078700,11.572400,11.644700,5.936388,22385473
2001-01-12,11.644700,11.861700,11.427700,11.500000,5.862621,10029284
2001-01-15,11.427700,11.427700,11.066100,11.210700,5.715138,9790695
2001-01-16,11.210700,11.717000,11.210700,11.717000,5.973247,16530340
2001-01-17,11.789300,12.006300,11.572400,11.789300,6.010104,18792114
2001-01-18,11.934000,12.512600,11.789300,12.440300,6.341978,45513861
2001-01-19,null,null,null,null,null,null
2001-01-22,null,null,null,null,null,null
2001-01-23,null,null,null,null,null,null
2001-01-24,null,null,null,null,null,null
2001-01-25,null,null,null,null,null,null
2001-01-26,null,null,null,null,null,null
2001-01-29,12.440300,13.308200,12.440300,12.874300,6.563230,55447938
2001-01-30,13.018900,13.018900,12.295600,12.874300,6.563230,22560151
2001-01-31,13.163600,13.380600,12.874300,12.946600,6.600088,35784355
2001-02-01,12.874300,13.235900,12.657300,12.801900,6.526321,18746004
2001-02-02,13.308200,13.669900,13.235900,13.669900,6.968822,30834468
2001-02-05,13.959200,14.393100,13.669900,13.669900,6.968822,56033509799
2001-02-06,13.669900,13.669900,12.874300,12.874300,6.563230,21193379
2001-02-07,12.657300,12.874300,12.440300,12.440300,6.341978,11164135
2001-02-08,12.512600,12.729600,12.440300,12.657300,6.452605,6422719
2001-02-09,12.729600,13.018900,12.657300,12.946600,6.600088,11540131
2001-02-12,12.874300,13.018900,12.657300,12.729600,6.489463,7568978
2001-02-13,12.874300,13.018900,12.729600,12.801900,6.526321,13513633
2001-02-14,13.018900,13.235900,12.657300,12.729600,6.489463,14957767
2001-02-15,12.946600,13.018900,12.657300,12.874300,6.563230,13618675
2001-02-16,13.018900,13.308200,12.801900,12.801900,6.526321,19673482
2001-02-19,12.368000,12.657300,12.368000,12.368000,6.305121,7688399
2001-02-20,12.657300,12.874300,12.368000,12.512600,6.378837,16631575
2001-02-21,12.440300,12.512600,12.151000,12.295600,6.268211,13116285
2001-02-22,12.151000,12.295600,11.789300,11.789300,6.010104,10712807
2001-02-23,11.861700,11.934000,11.789300,11.789300,6.010104,6066951
2001-02-26,11.861700,12.006300,11.789300,11.789300,6.010104,6363613
2001-02-27,12.006300,12.006300,11.789300,11.789300,6.010104,6661429
2001-02-28,11.789300,11.789300,11.789300,11.789300,6.010104,0
2001-03-01,11.717000,11.717000,11.355400,11.355400,5.788906,6273937
2001-03-02,11.572400,11.572400,11.355400,11.427700,5.825763,4350755
2001-03-05,11.427700,11.572400,11.427700,11.500000,5.862621,3654357
2001-03-06,11.644700,11.789300,11.500000,11.500000,5.862621,6693490
2001-03-07,11.717000,11.717000,11.500000,11.644700,5.936388,6029409
2001-03-08,11.644700,12.223300,11.572400,12.006300,6.120729,21136637
2001-03-09,12.006300,12.151000,11.644700,11.644700,5.936388,8037865
2001-03-12,11.572400,11.644700,11.427700,11.427700,5.825763,5824443
2001-03-13,11.210700,11.427700,11.138400,11.283100,5.752047,6363934
2001-03-14,null,null,null,null,null,null
2001-03-15,11.138400,11.283100,11.066100,11.210700,5.715138,6382512
2001-03-16,11.210700,11.572400,11.210700,11.283100,5.752047,9672402
2001-03-19,11.500000,11.500000,11.138400,11.210700,5.715138,4957631
2001-03-20,11.210700,11.283100,11.066100,11.066100,5.641422,4314429
2001-03-21,10.993700,11.210700,10.993700,11.066100,5.641422,3808510
2001-03-22,10.993700,11.283100,10.993700,11.210700,5.715138,5030045
2001-03-23,11.283100,11.427700,11.138400,11.283100,5.752047,9586083
2001-03-26,11.427700,11.500000,11.283100,11.355400,5.788906,7173054
2001-03-27,11.427700,11.572400,11.355400,11.427700,5.825763,12768903
2001-03-28,11.500000,11.500000,11.066100,11.138400,5.678279,6742523
2001-03-29,11.066100,11.138400,10.993700,11.066100,5.641422,6800002
2001-03-30,11.066100,11.066100,10.849100,10.921400,5.567655,8369331
2001-04-02,10.849100,10.921400,10.451300,10.451300,5.328001,8327609
2001-04-03,10.342800,10.451300,10.053500,10.125800,5.162064,7414796
2001-04-04,9.981170,10.125800,9.800350,9.836510,5.014585,6748854
2001-04-05,9.836510,9.836510,9.836510,9.836510,5.014585,0
2001-04-06,10.053500,10.342800,10.053500,10.125800,5.162064,9003689
2001-04-09,10.125800,10.125800,9.836510,9.836510,5.014585,4964879
2001-04-10,9.836510,10.234300,9.836510,9.908840,5.051459,7841952
2001-04-11,10.053500,10.162000,9.908840,9.981170,5.088332,3645795
2001-04-12,10.125800,10.125800,9.945010,10.017300,5.106751,2929967
2001-04-13,10.089700,10.270500,9.981170,9.981170,5.088332,6276584
2001-04-16,9.981170,10.089700,9.836510,9.981170,5.088332,3395834
2001-04-17,9.908840,9.981170,9.836510,9.836510,5.014585,3153784
2001-04-18,9.836510,9.981170,9.836510,9.908840,5.051459,2787536
2001-04-19,10.053500,10.125800,9.908840,9.908840,5.051459,5291741
2001-04-20,9.981170,10.053500,9.836510,9.908840,5.051459,2492695
2001-04-23,9.908840,9.945010,9.836510,9.872680,5.033023,3228504
2001-04-24,9.872680,10.017300,9.872680,9.872680,5.033023,3080742
2001-04-25,9.872680,9.945010,9.836510,9.872680,5.033023,2555643
2001-04-26,9.872680,9.945010,9.836510,9.872680,5.033023,2555643
2001-04-27,9.764190,9.764190,9.438720,9.438720,4.811794,5504926
2001-04-30,9.402550,9.474870,9.149410,9.185570,4.682740,4338149
2001-05-01,9.185570,9.185570,9.185570,9.185570,4.682740,0
2001-05-02,9.185570,9.294060,8.570790,8.570790,4.369330,9019029
2001-05-03,8.570790,8.896260,8.570790,8.823930,4.498380,5392575
2001-05-04,8.823930,9.004750,8.570790,8.679280,4.424637,5278164
2001-05-07,8.679280,8.751600,8.317640,8.353800,4.258710,5003535
2001-05-08,8.353800,8.353800,7.811350,7.956000,4.055914,7667010311
2001-05-09,7.956000,8.317640,7.811350,8.317640,4.240275,7432310128
2001-05-10,8.317640,8.426140,8.136850,8.136850,4.148111,4733801745
2001-05-11,7.956000,8.317640,7.956000,8.245310,4.203403,6282248
2001-05-14,8.173020,8.173020,8.028320,8.064500,4.111227,3086415053
2001-05-15,8.281480,8.281480,8.064500,8.136850,4.148111,2311239518
2001-05-16,8.136850,8.245310,8.100670,8.100670,4.129666,4307243087
2001-05-17,8.136850,8.389970,8.136850,8.281480,4.221842,5569969563
2001-05-18,8.281480,8.317640,8.028320,8.028320,4.092782,4362354609
2001-05-21,7.992150,8.028320,7.522040,7.558210,3.853123,5468786984
2001-05-22,7.594390,7.775180,7.558210,7.594390,3.871568,5186569074
2001-05-23,7.558210,8.100670,7.558210,8.100670,4.129666,9560560577
2001-05-24,8.209150,8.389970,8.173020,8.173020,4.166549,11038843298
2001-05-25,8.100670,8.100670,7.956000,7.956000,4.055914,4277377420
2001-05-28,7.956000,8.064500,7.811350,7.919880,4.037501,2317182594
2001-05-29,7.919880,8.100670,7.847510,7.847510,4.000607,3684725429
2001-05-30,7.811350,7.847510,7.666660,7.775180,3.963732,2664727910
2001-05-31,7.775180,7.883700,7.666660,7.775180,3.963732,3439650522
2001-06-01,7.811350,7.847510,7.594390,7.594390,3.871568,3308763560
2001-06-04,7.594390,7.594390,7.305070,7.341250,3.742519,5032082088
2001-06-05,7.485860,7.485860,7.377420,7.413550,3.779377,4790667842
2001-06-06,7.522040,7.702830,7.485860,7.666660,3.908411,8640286749
2001-06-07,7.666660,7.666660,7.485860,7.594390,3.871568,6509262701
2001-06-08,7.594390,7.847510,7.594390,7.702830,3.926850,12532957522
2001-06-11,7.702830,7.739010,7.594390,7.666660,3.908411,3409982794
2001-06-12,7.630560,7.702830,7.594390,7.594390,3.871568,4453734290
2001-06-13,7.630560,7.811350,7.594390,7.630560,3.890007,7928440895
2001-06-14,7.594390,7.594390,7.449690,7.485860,3.816240,5206767468
2001-06-15,7.485860,7.558210,7.449690,7.558210,3.853123,2442880362
2001-06-18,7.522040,7.594390,7.305070,7.341250,3.742519,2855998674
2001-06-19,7.341250,7.449690,7.305070,7.305070,3.724074,4312853820
2001-06-20,7.377420,7.377420,7.305070,7.341250,3.742519,3083582806
2001-06-21,7.413550,7.449690,7.305070,7.341250,3.742519,2784125821
2001-06-22,7.341250,7.377420,7.232720,7.268900,3.705636,3560052793
2001-06-25,7.268900,7.268900,7.268900,7.268900,3.705636,0
2001-06-26,7.268900,7.305070,6.798790,6.834970,3.484421,6325671260
2001-06-27,6.871060,6.943410,6.726440,6.726440,3.429093,3692693110
2001-06-28,6.726440,6.762620,6.581780,6.617920,3.373770,4488713397
2001-06-29,6.726440,7.051930,6.726440,7.051930,3.595025,34345353711
2001-07-02,7.088110,7.160370,6.762620,6.943410,3.539703,7317530807
2001-07-03,6.943410,6.943410,6.654090,6.762620,3.447537,3279152037
2001-07-04,6.762620,6.762620,6.437130,6.473300,3.300044,6283958540
2001-07-05,6.400950,6.437130,6.147810,6.147810,3.134111,4816832527
2001-07-06,5.967000,6.292510,5.894670,6.183990,3.152556,5847030046
2001-07-09,6.369520,6.406760,6.257730,6.332290,3.228158,4400169629
2001-07-10,6.407100,6.522250,6.407100,6.407100,3.266296,3976174673
2001-07-11,6.407100,6.407100,6.215320,6.253680,3.188083,3852697884
2001-07-12,6.368750,6.598970,6.368750,6.598970,3.364110,4544232672
2001-07-13,6.752390,6.790790,6.176970,6.253680,3.188083,6944940365
2001-07-16,6.253680,6.368750,5.908370,6.023460,3.070719,5313162729
2001-07-17,5.985100,6.215320,5.985100,6.100170,3.109825,4419516240
2001-07-18,6.215320,6.215320,5.678170,5.716530,2.914248,5615360513
2001-07-19,5.447950,5.831600,5.447950,5.524670,2.816439,6161419289
2001-07-20,5.601460,5.831600,5.524670,5.716530,2.914248,6921027702
2001-07-23,5.754890,5.908370,5.678170,5.831600,2.972909,6186627349
2001-07-24,5.754890,5.793240,5.524670,5.524670,2.816439,3298274777
2001-07-25,5.524670,5.678170,5.524670,5.678170,2.894692,3954044962
2001-07-26,5.678170,5.908370,5.601460,5.870040,2.992506,4994865003
2001-07-27,5.908370,6.061820,5.754890,5.870040,2.992506,9473113058
2001-07-30,5.870000,5.870000,5.870000,5.870000,2.992486,0
2001-07-31,5.870040,6.100170,5.870040,5.946750,3.031612,8971916324
2001-08-01,5.985100,6.061820,5.678170,5.716530,2.914248,5533472871
2001-08-02,5.754890,5.908370,5.716530,5.831600,2.972909,5580085836
2001-08-03,5.870040,6.215320,5.870040,6.215320,3.168528,14382740416
2001-08-06,6.215320,6.368750,6.061820,6.138530,3.129380,11347470524
2001-08-07,6.100170,6.100170,5.908370,5.985100,3.051163,4379329254
2001-08-08,5.985100,6.368750,5.985100,6.368750,3.246745,9128078180
2001-08-09,6.292040,6.368750,6.176970,6.215320,3.168528,8147662582
2001-08-10,6.253680,6.292040,6.061820,6.215320,3.168528,4013280938
2001-08-13,6.215320,6.560610,6.215320,6.368750,3.246745,9113258213
2001-08-14,6.407100,6.407100,6.215320,6.253680,3.188083,5411286734
2001-08-15,6.292040,6.445460,6.253680,6.330390,3.227189,7166959909
2001-08-16,6.368750,6.675680,6.368750,6.637320,3.383660,9755709053
2001-08-17,6.637320,6.752390,6.407100,6.445460,3.285851,5750143561
2001-08-20,6.330390,6.368750,6.253680,6.292040,3.207639,3688717377
2001-08-21,6.368750,6.368750,6.176970,6.292040,3.207639,3595148617
2001-08-22,6.215320,6.445460,6.215320,6.292040,3.207639,5369085476
2001-08-23,6.368750,6.445460,6.253680,6.292040,3.207639,4103473597
2001-08-24,6.330390,6.522250,6.176970,6.176970,3.148977,10243780988
2001-08-27,6.292040,6.368750,6.215320,6.253680,3.188083,4375173780
2001-08-28,6.292040,6.330390,6.215320,6.253680,3.188083,3897749729
2001-08-29,6.292040,6.675680,6.253680,6.675680,3.403216,16507758528
2001-08-30,6.905900,7.136120,6.905900,7.097680,3.618349,35711861319
2001-08-31,7.059320,7.289540,6.905900,7.097680,3.618349,18124462337
2001-09-03,7.136120,7.136120,6.752390,6.752390,3.442322,7522845522
2001-09-04,6.675680,6.752390,6.445460,6.560610,3.344553,6220307690
2001-09-05,6.522250,6.714030,6.483860,6.560610,3.344553,6727219833
2001-09-06,6.560610,6.598970,6.330390,6.330390,3.227189,4334205047
2001-09-07,6.215320,6.368750,6.176970,6.253680,3.188083,3865145328
2001-09-10,6.253680,6.292040,6.100170,6.138530,3.129380,2415153987
2001-09-11,6.215320,6.330390,6.061820,6.138530,3.129380,4566861800
2001-09-12,6.138560,6.138560,6.138560,6.138560,3.129396,0
2001-09-13,5.716530,5.716530,5.716530,5.716530,2.914248,3506781614
2001-09-14,5.678170,5.908370,5.524670,5.524670,2.816439,8430994060
2001-09-17,5.524710,5.524710,5.524710,5.524710,2.816460,0
2001-09-18,5.524710,5.524710,5.524710,5.524710,2.816460,0
2001-09-19,5.524710,5.524710,5.524710,5.524710,2.816460,0
2001-09-20,6.061820,6.215320,5.754890,5.793240,2.953354,16623003848
2001-09-21,5.678170,5.754890,5.601460,5.601460,2.855586,7695789422
2001-09-24,5.601440,5.601440,5.601440,5.601440,2.855576,0
2001-09-25,5.831600,5.870040,5.447950,5.486310,2.796883,6870394496
2001-09-26,5.486310,5.754890,5.486310,5.754890,2.933804,5479917902
2001-09-27,5.716530,5.716530,5.601460,5.639820,2.875142,2980303272
2001-09-28,5.639800,5.639800,5.639800,5.639800,2.875131,0
2001-10-01,5.639800,5.639800,5.639800,5.639800,2.875131,0
2001-10-02,5.754890,5.754890,5.486310,5.486310,2.796883,3316326120
2001-10-03,5.486310,5.601460,5.486310,5.524670,2.816439,3040636540
2001-10-04,5.754890,5.754890,5.524670,5.524670,2.816439,3945101736
2001-10-05,5.601460,5.678170,5.524670,5.601460,2.855586,3838670340
2001-10-08,5.524670,5.563070,5.371240,5.409600,2.757776,4080856333
2001-10-09,5.409600,5.486310,5.371240,5.486310,2.796883,3104037480
2001-10-10,5.486340,5.486340,5.486340,5.486340,2.796899,0
2001-10-11,5.563070,5.716530,5.524670,5.601460,2.855586,8040832603
2001-10-12,5.716530,5.754890,5.524670,5.524670,2.816439,5985609381
2001-10-15,5.563070,5.601460,5.447950,5.486310,2.796883,4303103639
2001-10-16,5.447950,5.563070,5.447950,5.563070,2.836015,2166740121
2001-10-17,5.563070,5.601460,5.486310,5.563070,2.836015,3647212455
2001-10-18,5.524670,5.524670,5.447950,5.486310,2.796883,3800776398
2001-10-19,5.524670,5.678170,5.447950,5.524670,2.816439,6561104055
2001-10-22,5.563070,5.716530,5.524670,5.639820,2.875142,10171177030
2001-10-23,5.754890,5.870040,5.678170,5.678170,2.894692,12571468344
2001-10-24,5.716530,5.754890,5.601460,5.678170,2.894692,3862055116
2001-10-25,5.678170,5.754890,5.601460,5.639820,2.875142,4401680796
2001-10-26,5.639820,5.754890,5.639820,5.678170,2.894692,6831009423
2001-10-29,5.716530,5.754890,5.601460,5.678170,2.894692,3836446100
2001-10-30,5.601460,5.639820,5.447950,5.486310,2.796883,5064325368
2001-10-31,5.447950,5.486310,5.409600,5.447950,2.777328,3304646188
2001-11-01,5.486310,5.524670,5.447950,5.524670,2.816439,6370480111
2001-11-02,5.563070,5.563070,5.447950,5.447950,2.777328,2917262956
2001-11-05,5.486310,5.486310,5.371240,5.447950,2.777328,3720942175
2001-11-06,5.486310,5.563070,5.447950,5.486310,2.796883,4022346349
2001-11-07,5.486310,5.563070,5.447950,5.447950,2.777328,6429033987
2001-11-08,5.486310,5.601460,5.447950,5.447950,2.777328,13246839131
2001-11-09,5.447980,5.447980,5.447980,5.447980,2.777343,0
2001-11-12,5.447950,5.563070,5.409600,5.563070,2.836015,14532573567
2001-11-13,5.524670,5.563070,5.409600,5.409600,2.757776,5928617813
2001-11-14,5.486310,5.524670,5.409600,5.486310,2.796883,6726941061
2001-11-15,5.486310,5.678170,5.447950,5.524670,2.816439,23978613761
2001-11-16,5.678170,5.754890,5.563070,5.678170,2.894692,15336761693
2001-11-19,5.678170,5.908370,5.678170,5.678170,2.894692,24214006033
2001-11-20,5.793240,5.908370,5.678170,5.678170,2.894692,21157107032
2001-11-21,5.678170,6.023460,5.678170,6.023460,3.070719,19568683701
2001-11-22,6.100170,6.292040,5.831600,5.870040,2.992506,32400286177
2001-11-23,5.946750,6.023460,5.831600,5.831600,2.972909,12517475645
2001-11-26,5.908370,5.985100,5.831600,5.831600,2.972909,10210912050
2001-11-27,5.908370,5.985100,5.524670,5.639820,2.875142,19524882176
2001-11-28,5.639820,5.639820,5.409600,5.409600,2.757776,12121862130
2001-11-29,5.409600,5.486310,5.409600,5.447950,2.777328,8006638611
2001-11-30,5.524670,5.524670,5.371240,5.371240,2.738221,10160358324
2001-12-03,5.447950,5.524670,5.409600,5.486310,2.796883,6675312582
2001-12-04,5.486310,5.563070,5.409600,5.524670,2.816439,12901542090
2001-12-05,5.563070,5.754890,5.563070,5.678170,2.894692,20855993492
2001-12-06,5.908370,6.061820,5.831600,6.061820,3.090274,22419918147
2001-12-07,6.483860,6.483860,6.330390,6.483860,3.305428,44374959334
2001-12-10,6.905900,6.905900,6.790790,6.905900,3.520581,18781503009
2001-12-11,7.289540,7.289540,6.522250,6.522250,3.324999,56376866685
2001-12-12,6.675680,6.944250,6.598970,6.944250,3.540132,31448726394
2001-12-13,7.289540,7.404610,6.982610,7.289540,3.716158,80199354178
2001-12-14,7.136120,7.443050,6.982610,7.212830,3.677051,46407485811
2001-12-17,7.289540,7.711570,7.251180,7.673180,3.911735,49889733162
2001-12-18,7.749980,7.749980,7.136120,7.136120,3.637945,43734885762
2001-12-19,7.020960,7.136120,6.637320,6.637320,3.383660,30794711875
2001-12-20,6.522250,6.867540,6.522250,6.675680,3.403216,18282675240
2001-12-21,6.598970,6.637320,6.292040,6.330390,3.227189,12909040450
2001-12-24,6.330390,6.522250,6.292040,6.330390,3.227189,7454641408
2001-12-25,6.292040,6.637320,6.292040,6.637320,3.383660,12530825834
2001-12-26,6.905900,6.905900,6.522250,6.714030,3.422766,16387379069
2001-12-27,6.714030,6.752390,6.292040,6.368750,3.246745,12573847985
2001-12-28,6.522250,6.522250,6.330390,6.445460,3.285851,9695298679
2001-12-31,6.445460,6.714030,6.445460,6.560610,3.344553,18005607223
2002-01-01,6.560590,6.560590,6.560590,6.560590,3.344544,0
2002-01-02,6.598970,6.752390,6.560610,6.675680,3.403216,17102373367
2002-01-03,6.675690,6.675690,6.675690,6.675690,3.403222,0
2002-01-04,6.867540,7.020960,6.790790,6.944250,3.540132,22575368246
2002-01-07,6.982610,7.289540,6.982610,7.174470,3.657495,19947248264
2002-01-08,7.136120,7.136120,6.790790,6.829180,3.481469,13811636097
2002-01-09,6.829180,7.020960,6.752390,6.905900,3.520581,17195268331
2002-01-10,6.905900,7.174470,6.829180,6.905900,3.520581,19473156423
2002-01-11,6.944250,7.251180,6.829180,6.867540,3.501025,21377654426
2002-01-14,6.867540,6.982610,6.598970,6.598970,3.364110,8695106913
2002-01-15,6.522250,6.675680,6.368750,6.445460,3.285851,9551801352
2002-01-16,6.483860,6.675680,6.407100,6.407100,3.266296,8192337196
2002-01-17,6.330390,6.483860,6.330390,6.445460,3.285851,5384986127
2002-01-18,6.867540,6.867540,6.598970,6.598970,3.364110,21685244954
2002-01-21,6.675680,6.829180,6.598970,6.752390,3.442322,8075372984
2002-01-22,6.790790,6.829180,6.483860,6.522250,3.324999,7812735840
2002-01-23,6.407100,6.675680,6.407100,6.522250,3.324999,11409695879
2002-01-24,6.598970,6.637320,6.483860,6.560610,3.344553,5515758426
2002-01-25,6.598970,6.714030,6.598970,6.675680,3.403216,11878773392
2002-01-28,6.675680,6.829180,6.675680,6.752390,3.442322,10276368782
2002-01-29,6.790790,6.790790,6.522250,6.560610,3.344553,7924176819
2002-01-30,6.445460,6.522250,6.407100,6.483860,3.305428,5498244459
2002-01-31,6.483860,6.483860,6.483860,6.483860,3.305428,0
2002-02-01,6.905900,6.905900,6.598970,6.598970,3.364110,9926565133
2002-02-04,6.752390,6.752390,6.637320,6.675680,3.403216,6287437051
2002-02-05,6.637320,6.714030,6.522250,6.522250,3.324999,5959247089
2002-02-06,6.522250,6.675680,6.522250,6.522250,3.324999,6104902226
2002-02-07,6.522220,6.522220,6.522220,6.522220,3.324983,0
2002-02-08,6.522220,6.522220,6.522220,6.522220,3.324983,0
2002-02-11,6.522220,6.522220,6.522220,6.522220,3.324983,0
2002-02-12,6.522220,6.522220,6.522220,6.522220,3.324983,0
2002-02-13,6.522220,6.522220,6.522220,6.522220,3.324983,0
2002-02-14,6.522220,6.522220,6.522220,6.522220,3.324983,0
2002-02-15,6.522220,6.522220,6.522220,6.522220,3.324983,0
2002-02-18,6.598970,6.714030,6.598970,6.598970,3.364110,6488814456
2002-02-19,6.598970,6.675680,6.522250,6.560610,3.344553,5451871118
2002-02-20,6.598970,6.598970,6.407100,6.407100,3.266296,6203889829
2002-02-21,6.407100,6.522250,6.330390,6.368750,3.246745,6455867225
2002-02-22,6.292040,6.330390,6.176970,6.253680,3.188083,5631102205
2002-02-25,6.292040,6.292040,6.138530,6.138530,3.129380,4380014913
2002-02-26,6.215320,6.253680,5.985100,5.985100,3.051163,6616044577
2002-02-27,5.985100,6.215320,5.985100,6.138530,3.129380,6910378632
2002-02-28,6.138560,6.138560,6.138560,6.138560,3.129396,0
2002-03-01,6.560610,6.560610,6.483860,6.560610,3.344553,16354657227
2002-03-04,6.905900,6.944250,6.714030,6.752390,3.442322,30403591919
2002-03-05,6.829180,6.867540,6.483860,6.560610,3.344553,12882111124
2002-03-06,6.560610,6.714030,6.483860,6.675680,3.403216,11434551619
2002-03-07,6.752390,6.790790,6.598970,6.675680,3.403216,11490759069
2002-03-08,6.714030,7.059320,6.675680,6.752390,3.442322,27225933855
2002-03-11,7.059320,7.059320,6.905900,6.982610,3.559686,22969271173
2002-03-12,7.059320,7.212830,6.905900,7.059320,3.598793,36349987049
2002-03-13,7.212830,7.519760,7.212830,7.519760,3.833523,44520508893
2002-03-14,7.903400,8.018470,7.481400,7.519760,3.833523,118682175617
2002-03-15,7.596470,7.673180,7.212830,7.212830,3.677051,29560297491
2002-03-18,7.212830,7.711570,7.097680,7.711570,3.931306,31268516641
2002-03-19,7.941760,8.248690,7.826690,7.941760,4.048654,97272971377
2002-03-20,8.018470,8.018470,7.673180,7.788330,3.970437,34633279011
2002-03-21,7.788330,8.325400,7.788330,8.210330,4.185570,61523804501
2002-03-22,8.210330,8.440520,8.056870,8.171970,4.166014,54536870474
2002-03-25,8.210330,8.402190,8.133620,8.133620,4.146464,27698521516
2002-03-26,8.133620,8.670720,8.056870,8.402190,4.283379,66414462350
2002-03-27,8.440520,8.785820,8.133620,8.171970,4.166014,57751084377
2002-03-28,8.210330,8.248690,7.826690,7.980110,4.068206,22619063008
2002-03-29,7.980110,7.980110,7.749980,7.826690,3.989993,13671415225
2002-04-01,7.980110,8.056870,7.865040,7.903400,4.029099,15163506992
2002-04-02,7.903400,8.133620,7.865040,7.903400,4.029099,17795857183
2002-04-03,7.903400,8.440520,7.865040,8.363750,4.263783,39716846729
2002-04-04,8.287040,8.939280,8.248690,8.939280,4.557183,106465711493
2002-04-05,8.939280,8.939280,8.939280,8.939280,4.557183,0
2002-04-08,9.131110,9.438040,8.977650,9.207840,4.694093,103664125
2002-04-09,9.361310,9.399670,8.593990,8.593990,4.381156,46087963
2002-04-10,8.747450,8.785820,8.287040,8.363750,4.263783,23720124975
2002-04-11,8.517250,8.900920,8.440520,8.670720,4.420274,31228035
2002-04-12,8.555630,8.824180,8.440520,8.785820,4.478951,19597214
2002-04-15,8.785820,8.824180,8.517250,8.670720,4.420274,12412184
2002-04-16,8.824180,8.939280,8.747450,8.939280,4.557183,14641416
2002-04-17,9.016010,9.514770,8.977650,9.476410,4.831008,47660617
2002-04-18,9.591500,9.706600,9.322940,9.361310,4.772332,44917454
2002-04-19,9.361310,9.898430,9.361310,9.744970,4.967918,38949131
2002-04-22,9.821700,10.282100,9.668240,10.243700,5.222168,41298106
2002-04-23,10.243700,10.665700,9.975170,10.013500,5.104815,45177872
2002-04-24,10.013500,10.205400,9.821700,10.051900,5.124389,24378669
2002-04-25,10.051900,10.512300,9.821700,9.898430,5.046152,45081598
2002-04-26,10.013500,10.013500,9.207840,9.284580,4.733215,36628852
2002-04-29,9.054380,9.207840,8.939280,8.977650,4.576744,16164263
2002-04-30,8.977650,9.131110,8.440520,8.440520,4.302919,20640784
2002-05-01,8.440520,8.440520,8.440520,8.440520,4.302919,0
2002-05-02,8.785820,8.785820,8.210330,8.287040,4.224677,35106941425
2002-05-03,8.287040,8.593990,8.171970,8.402190,4.283379,21276689324
2002-05-06,8.402190,8.517250,7.903400,7.941760,4.048654,19064744331
2002-05-07,7.903400,8.287040,7.903400,8.133620,4.146464,13764979240
2002-05-08,8.171970,8.440520,8.171970,8.287040,4.224677,15645910969
2002-05-09,8.555630,8.555630,8.210330,8.210330,4.185570,16091119711
2002-05-10,8.248690,8.248690,8.056870,8.133620,4.146464,11359880007
2002-05-13,8.133620,8.210330,8.056870,8.095230,4.126893,6425889207
2002-05-14,8.171970,8.210330,7.941760,7.980110,4.068206,7743308691
2002-05-15,8.095230,8.363750,8.018470,8.363750,4.263783,22014055331
2002-05-16,8.248690,8.287040,7.941760,7.941760,4.048654,8215273565
2002-05-17,8.056870,8.095230,7.903400,7.941760,4.048654,9255253733
2002-05-20,7.980110,7.980110,7.443050,7.443050,3.794416,13227501880
2002-05-21,7.289540,7.443050,7.059320,7.059320,3.598793,14150310240
2002-05-22,7.059320,7.251180,6.982610,7.136120,3.637945,35802188026
2002-05-23,7.136120,7.289540,7.059320,7.212830,3.677051,13213681932
2002-05-24,7.327890,7.634820,7.289540,7.634820,3.892179,13909553693
2002-05-27,7.519760,7.634820,7.443050,7.634820,3.892179,6858138041
2002-05-28,7.673180,7.941760,7.596470,7.634820,3.892179,36598361768
2002-05-29,7.596470,7.826690,7.519760,7.634820,3.892179,21491893795
2002-05-30,7.673180,7.980110,7.673180,7.980110,4.068206,31217654487
2002-05-31,8.018470,8.095230,7.673180,7.673180,3.911735,25283774417
2002-06-03,7.673180,7.673180,7.327890,7.443050,3.794416,12240107505
2002-06-04,7.289540,7.404610,7.212830,7.404610,3.774819,9887702015
2002-06-05,7.443050,7.749980,7.443050,7.749980,3.950886,19913788568
2002-06-06,7.865040,8.095230,7.749980,7.980110,4.068206,34453268550
2002-06-07,7.903400,8.287040,7.903400,8.018470,4.087761,60199153566
2002-06-10,8.210330,8.555630,8.171970,8.555630,4.361601,46788565249
2002-06-11,8.824180,8.862550,8.478890,8.555630,4.361601,50441874
2002-06-12,8.593990,9.131110,8.593990,9.054380,4.615861,60515124
2002-06-13,9.054380,9.322940,8.900920,9.016010,4.596301,54964888
2002-06-14,9.016010,9.207840,8.824180,8.824180,4.498507,26315650
2002-06-17,8.824180,8.939280,8.670720,8.785820,4.478951,31810752
2002-06-18,8.939280,9.054380,8.824180,8.824180,4.498507,34279401
2002-06-19,8.862550,9.207840,8.785820,8.824180,4.498507,58943728
2002-06-20,8.977650,9.438040,8.824180,9.438040,4.811448,55073265
2002-06-21,9.322940,9.553140,9.207840,9.246210,4.713655,43274349
2002-06-24,9.246210,9.438040,9.054380,9.092750,4.635421,22859190
2002-06-25,9.131110,9.169480,8.478890,8.478890,4.322481,30213630
2002-06-26,8.517250,8.593990,8.248690,8.402190,4.283379,16851161110
2002-06-27,8.440520,8.593990,8.056870,8.056870,4.107337,22871849
2002-06-28,8.287040,8.593990,8.133620,8.440520,4.302919,26422566622
2002-07-01,8.478890,8.517250,8.248690,8.440520,4.302919,12596118862
2002-07-02,8.440520,9.016010,8.440520,9.016010,4.596301,46404881
2002-07-03,9.054380,9.361310,9.016010,9.169480,4.674538,88449747
2002-07-04,9.322940,9.783330,9.246210,9.783330,4.987475,81910921
2002-07-05,9.860070,10.051900,9.668240,9.936800,5.065712,63690325
2002-07-08,9.898430,9.936800,9.361310,9.668240,4.928802,41761804
2002-07-09,9.476410,9.629870,9.207840,9.284580,4.733215,32927807
2002-07-10,9.207840,9.514770,9.207840,9.284580,4.733215,29465478
2002-07-11,9.169480,9.284580,8.709090,8.785820,4.478951,25924856
2002-07-12,8.862550,9.207840,8.862550,9.169480,4.674538,31879102
2002-07-15,9.131110,9.284580,9.016010,9.016010,4.596301,20362472
2002-07-16,9.092750,9.246210,9.016010,9.054380,4.615861,18863892
2002-07-17,8.977650,9.169480,8.824180,9.016010,4.596301,9043112
2002-07-18,9.016010,9.361310,8.939280,9.361310,4.772332,25854603
2002-07-19,9.322940,9.438040,9.054380,9.207840,4.694093,14553243
2002-07-22,9.054380,9.131110,8.824180,8.824180,4.498507,15873421
2002-07-23,9.060930,9.260520,9.021020,9.180680,4.680248,11634429776
2002-07-24,9.180680,9.420180,9.060930,9.180680,4.680248,16330174
2002-07-25,9.420180,9.420180,9.060930,9.100850,4.639551,12983531
2002-07-26,9.100850,9.180680,8.941180,8.941180,4.558152,10766613
2002-07-29,9.021020,9.180680,9.021020,9.060930,4.619200,5253825
2002-07-30,9.340350,9.500010,9.180680,9.420180,4.802343,24831820
2002-07-31,9.460090,9.460090,9.180680,9.180680,4.680248,10242839
2002-08-01,9.180680,9.380260,9.180680,9.180680,4.680248,5142565
2002-08-02,9.100850,9.180680,8.941180,9.180680,4.680248,5630740
2002-08-05,8.621850,8.781520,8.542030,8.542030,4.354668,13133244623
2002-08-06,8.023120,8.382360,7.983220,8.142890,4.151189,11816098770
2002-08-07,8.382360,8.422260,8.262590,8.302570,4.232593,8576458906
2002-08-08,8.382360,8.462160,8.142890,8.222700,4.191876,8568763325
2002-08-09,8.462160,8.621850,8.462160,8.542030,4.354668,11387702472
2002-08-12,8.701690,8.701690,8.462160,8.502140,4.334332,4622577881
2002-08-13,8.462160,8.542030,8.302570,8.382360,4.273270,5013258037
2002-08-14,8.222700,8.462160,8.182790,8.382360,4.273270,8165597184
2002-08-15,8.382360,8.502140,8.142890,8.222700,4.191876,24866563264
2002-08-16,8.182790,8.422260,8.023120,8.222700,4.191876,17132488527
2002-08-19,8.302570,8.382360,8.063020,8.063020,4.110473,8893277992
2002-08-20,8.142890,8.222700,8.023120,8.063020,4.110473,10822984939
2002-08-21,8.063020,8.142890,7.983220,7.983220,4.069791,12773068837
2002-08-22,8.063020,8.262590,7.983220,8.142890,4.151189,30111226059
2002-08-23,8.142870,8.142870,8.142870,8.142870,4.151179,0
2002-08-26,8.142890,8.382360,8.063020,8.342460,4.252929,11232610391
2002-08-27,8.462160,8.661780,8.382360,8.382360,4.273270,30310671532
2002-08-28,8.382360,8.462160,8.182790,8.182790,4.171529,13870730698
2002-08-29,8.182790,8.302570,8.102910,8.222700,4.191876,8055167854
2002-08-30,8.222700,8.302570,8.142890,8.142890,4.151189,4849137574
2002-09-02,8.142890,8.222700,7.983220,7.983220,4.069791,7084502280
2002-09-03,7.983220,8.063020,7.424410,7.504200,3.825590,16009634887
2002-09-04,7.224840,7.344530,7.105060,7.184860,3.662793,8769221773
2002-09-05,7.264740,7.384460,7.224840,7.224840,3.683174,6276741832
2002-09-06,7.224800,7.224800,7.224800,7.224800,3.683153,0
2002-09-09,7.344530,7.504200,7.224840,7.424410,3.784913,6553134982
2002-09-10,7.544130,7.663880,7.464310,7.663880,3.906993,6891013701
2002-09-11,7.823550,7.823550,7.584080,7.623980,3.886652,5174747789
2002-09-12,7.584080,7.703770,7.584080,7.623980,3.886652,5888023660
2002-09-13,7.584080,7.623980,7.424410,7.464310,3.805254,3047299167
2002-09-16,7.464310,7.464310,7.144960,7.184860,3.662793,7767899476
2002-09-17,7.224840,7.663880,7.184860,7.663880,3.906993,6998277340
2002-09-18,7.544130,7.544130,7.304630,7.424410,3.784913,6560349081
2002-09-19,7.384460,7.504200,7.344530,7.344530,3.744191,3914362230
2002-09-20,7.264740,7.304630,7.184860,7.304630,3.723850,3853455836
2002-09-23,7.344530,7.384460,7.184860,7.184860,3.662793,3156695751
2002-09-24,7.184860,7.224840,6.785720,6.825610,3.479649,12657003601
2002-09-25,6.705890,6.745820,6.386560,6.386560,3.255824,27921656867
2002-09-26,6.466370,6.506270,5.987440,5.987440,3.052356,30884470945
2002-09-27,6.067230,6.266800,6.067230,6.067230,3.093033,13341354459
2002-09-30,6.067230,6.067230,5.787780,5.947460,3.031974,9420235189
2002-10-01,5.827760,6.107130,5.827760,5.987440,3.052356,6917903461
2002-10-02,6.147020,6.226900,5.987440,5.987440,3.052356,10686094996
2002-10-03,5.947460,5.947460,5.707990,5.747890,2.930235,10558147373
2002-10-04,5.668090,5.867650,5.668090,5.867650,2.991288,10032771859
2002-10-07,5.747890,5.827760,5.707990,5.747890,2.930235,5054705088
2002-10-08,5.747890,5.987440,5.747890,5.987440,3.052356,6835175667
2002-10-09,5.987440,6.187010,5.947460,6.067230,3.093033,10048012995
2002-10-10,6.067230,6.067230,6.067230,6.067230,3.093033,0
2002-10-11,6.147020,6.187010,5.867650,5.867650,2.991288,5916766082
2002-10-14,5.947460,6.027320,5.907560,5.947460,3.031974,5369359828
2002-10-15,6.067230,6.346650,6.027320,6.346650,3.235478,14944402162
2002-10-16,6.466370,6.466370,6.187010,6.226900,3.174431,12789119422
2002-10-17,6.147020,6.386560,6.107130,6.346650,3.235478,11255716907
2002-10-18,6.466370,6.626040,6.386560,6.586150,3.357574,15948452861
2002-10-21,6.586150,6.825610,6.506270,6.665940,3.398251,17551228422
2002-10-22,6.745820,7.025180,6.586150,6.586150,3.357574,23416590996
2002-10-23,6.586150,6.865550,6.506270,6.825610,3.479649,13288867033
2002-10-24,6.825610,6.865550,6.546220,6.586150,3.357574,10454150606
2002-10-25,6.466370,6.586150,6.426470,6.546220,3.337218,6585645529
2002-10-28,6.626040,6.865550,6.626040,6.785720,3.459313,17886193822
2002-10-29,6.745820,6.785720,6.546220,6.546220,3.337218,10531280873
2002-10-30,6.506270,6.745820,6.506270,6.546220,3.337218,12053591841
2002-10-31,6.626040,6.665940,6.546220,6.586150,3.357574,7966555272
2002-11-01,6.626040,6.626040,6.346650,6.386560,3.255824,13708682705
2002-11-04,6.466370,6.546220,6.426470,6.466370,3.296511,6983744472
2002-11-05,6.546220,6.586150,6.426470,6.426470,3.276170,5901507501
2002-11-06,6.466370,6.705890,6.466370,6.705890,3.418617,18780067562
2002-11-07,6.785720,6.825610,6.626040,6.665940,3.398251,16358801700
2002-11-08,6.626040,6.985290,6.546220,6.905470,3.520361,22406928815
2002-11-11,7.065170,7.384460,7.065170,7.224840,3.683174,39859577731
2002-11-12,7.184860,7.504200,7.025180,7.384460,3.764547,45600651484
2002-11-13,7.504200,7.783650,7.504200,7.663880,3.906993,50141916944
2002-11-14,7.743670,7.743670,7.344530,7.424410,3.784913,24313316416
2002-11-15,7.584080,7.903340,7.544130,7.863450,4.008733,46139377094
2002-11-18,7.863450,8.302570,7.823550,7.943330,4.049455,50011014134
2002-11-19,7.983220,8.063020,7.623980,7.623980,3.886652,20321178452
2002-11-20,7.663880,7.903340,7.584080,7.823550,3.988393,22778224059
2002-11-21,7.943330,8.063020,7.424410,7.424410,3.784913,27539682942
2002-11-22,7.584080,7.743670,7.544130,7.584080,3.866312,17503552334
2002-11-25,7.623980,7.703770,7.544130,7.623980,3.886652,9948063473
2002-11-26,7.623980,8.142890,7.623980,8.142890,4.151189,54128230596
2002-11-27,8.302570,8.502140,8.182790,8.262590,4.212212,92912348166
2002-11-28,8.462160,8.701690,8.262590,8.262590,4.212212,106616228837
2002-11-29,8.382360,8.422260,8.063020,8.342460,4.252929,39325466912
2002-12-02,8.342440,8.342440,8.342440,8.342440,4.252918,0
2002-12-03,8.182790,8.621850,8.063020,8.621850,4.395360,49262529553
2002-12-04,8.621850,8.941180,8.542030,8.781520,4.476758,87732943718
2002-12-05,8.781520,9.100850,8.781520,8.781520,4.476758,59450770
2002-12-06,8.781520,8.941180,8.581930,8.621850,4.395360,37203372748
2002-12-09,8.941180,9.220600,8.861350,9.100850,4.639551,78749069
2002-12-10,9.021020,9.180680,8.781520,8.981110,4.578507,49884974
2002-12-11,9.060930,9.420180,8.701690,8.701690,4.436061,71808886
2002-12-12,8.741600,8.781520,8.542030,8.781520,4.476758,28193766682
2002-12-13,8.741600,8.941180,8.382360,8.382360,4.273270,32508102
2002-12-16,8.382360,8.542030,8.222700,8.382360,4.273270,11705189121
2002-12-17,8.542030,8.701690,8.382360,8.502140,4.334332,18025566773
2002-12-18,8.542030,8.861350,8.542030,8.701690,4.436061,26436524735
2002-12-19,8.621850,9.021020,8.542030,8.901270,4.537806,35614096147
2002-12-20,8.901270,9.060930,8.302570,8.542030,4.354668,40902343590
2002-12-23,8.542030,8.741600,8.542030,8.741600,4.456408,20301035264
2002-12-24,8.861350,9.180680,8.861350,9.021020,4.598855,65652912
2002-12-25,9.100850,9.140770,8.422260,8.422260,4.293611,33659990589
2002-12-26,8.422260,8.462160,8.182790,8.422260,4.293611,14582809840
2002-12-27,8.422260,8.661780,8.342460,8.542030,4.354668,18893212501
2002-12-30,8.462160,8.462160,8.182790,8.222700,4.191876,16083968135
2002-12-31,8.382360,8.422260,8.222700,8.342460,4.252929,12143580255
2003-01-01,8.342440,8.342440,8.342440,8.342440,4.252918,0
2003-01-02,8.382360,8.781520,8.342460,8.661780,4.415716,27173309520
2003-01-03,8.781520,9.260520,8.781520,9.260520,4.720950,88470938025
2003-01-06,9.739500,9.899170,9.739500,9.899170,5.046529,32752970
2003-01-07,10.577700,10.577700,10.577700,10.577700,5.392438,155264629
2003-01-08,10.897100,11.296200,10.697500,11.296200,5.758725,164215888
2003-01-09,11.416000,11.974800,11.176500,11.735300,5.982575,246190981
2003-01-10,11.735300,11.735300,11.056700,11.495800,5.860480,93244472
2003-01-13,11.495800,12.134500,11.256300,12.134500,6.186084,153559666
2003-01-14,12.294100,12.932800,11.974800,12.693300,6.470957,186164199
2003-01-15,12.613500,13.411800,12.374000,13.092500,6.674466,122662862
2003-01-16,12.853000,13.012600,12.374000,12.374000,6.308180,90856967
2003-01-17,12.453800,12.773100,11.775200,11.895000,6.063990,102477298
2003-01-20,11.815100,12.693300,11.775200,12.693300,6.470957,92175706
2003-01-21,12.773100,13.012600,12.134500,12.374000,6.308180,90253725
2003-01-22,12.294100,13.012600,12.214300,13.012600,6.633735,107468994
2003-01-23,13.092500,13.252100,12.294100,12.453800,6.348863,70180053
2003-01-24,12.693300,13.252100,12.533600,12.853000,6.552370,160284251
2003-01-27,12.773100,12.853000,11.974800,12.214300,6.226766,70793423
2003-01-28,12.054600,12.613500,12.054600,12.453800,6.348863,61150902
2003-01-29,12.453800,12.453800,12.453800,12.453800,6.348863,0
2003-01-30,12.453800,12.453800,12.453800,12.453800,6.348863,0
2003-01-31,12.453800,12.453800,12.453800,12.453800,6.348863,0
2003-02-03,12.453800,12.453800,12.453800,12.453800,6.348863,0
2003-02-04,12.453800,12.453800,12.453800,12.453800,6.348863,0
2003-02-05,12.453800,12.453800,12.453800,12.453800,6.348863,0
2003-02-06,12.453800,13.092500,12.214300,12.533600,6.389543,89289993
2003-02-07,12.613500,12.932800,11.735300,12.533600,6.389543,73071997
2003-02-10,12.374000,12.773100,12.214300,12.533600,6.389543,74429104
2003-02-11,12.773100,12.932800,11.695400,11.695400,5.962235,99469572
2003-02-12,11.256300,11.695400,11.016800,11.256300,5.738385,57029707
2003-02-13,11.176500,11.416000,10.497900,10.497900,5.351757,73122386
2003-02-14,10.537800,10.777300,10.338300,10.577700,5.392438,76810576
2003-02-17,10.937000,11.256300,10.817200,11.056700,5.636629,74274998
2003-02-18,11.056700,11.096700,10.657600,10.777300,5.494194,28052984
2003-02-19,10.976900,10.976900,10.537800,10.537800,5.372098,30592236
2003-02-20,10.537800,10.577700,9.819340,9.979000,5.087226,51906221
2003-02-21,9.899170,10.058800,9.739500,9.939080,5.066875,37082545
2003-02-24,10.058800,10.338300,9.899170,10.338300,5.270395,38905002
2003-02-25,10.178600,10.178600,9.619750,9.619750,4.904083,29027764
2003-02-26,9.659680,9.939080,9.619750,9.899170,5.046529,51009933
2003-02-27,9.659680,9.899170,9.579840,9.779420,4.985481,17642323
2003-02-28,9.779420,9.779420,9.779420,9.779420,4.985481,0
2003-03-03,9.859260,10.138700,9.739500,10.018900,5.107566,39641291
2003-03-04,9.979000,10.378200,9.899170,10.218500,5.209321,45933297
2003-03-05,10.218500,10.497900,10.058800,10.218500,5.209321,52676229
2003-03-06,10.258400,10.298300,9.939080,10.058800,5.127907,28053407
2003-03-07,9.899170,9.899170,9.380260,9.420180,4.802343,28141533
2003-03-10,9.460090,9.579840,9.260520,9.420180,4.802343,16070093526
2003-03-11,9.260520,9.420180,9.060930,9.340350,4.761647,23209986084
2003-03-12,9.420180,9.539930,9.340350,9.539930,4.863390,21863201
2003-03-13,9.539930,9.979000,9.460090,9.899170,5.046529,35170004
2003-03-14,10.258400,10.497900,10.178600,10.298300,5.250003,58199124
2003-03-17,10.218500,10.218500,9.619750,9.699590,4.944785,20162380
2003-03-18,10.218500,10.378200,10.178600,10.378200,5.290734,20284250
2003-03-19,10.378200,10.777300,10.298300,10.777300,5.494194,81199696
2003-03-20,10.777300,10.857200,10.218500,10.817200,5.514534,55782268
2003-03-21,10.777300,10.937000,10.537800,10.577700,5.392438,36966115
2003-03-24,10.777300,10.857200,10.657600,10.657600,5.433171,45399283
2003-03-25,10.458000,10.937000,10.418100,10.937000,5.575608,47382289
2003-03-26,11.016800,11.056700,10.657600,10.697500,5.453512,37010849
2003-03-27,10.697500,10.737400,10.537800,10.697500,5.453512,23158883
2003-03-28,10.737400,10.817200,10.577700,10.617700,5.412829,24032197
2003-03-31,10.537800,10.537800,9.939080,9.939080,5.066875,24200921
2003-04-01,9.739500,10.138700,9.739500,10.018900,5.107566,12950657
2003-04-02,10.058800,10.138700,9.979000,10.018900,5.107566,13008258
2003-04-03,10.258400,10.378200,10.058800,10.058800,5.127907,17210981
2003-04-04,10.098800,10.737400,10.058800,10.737400,5.473853,42773354
2003-04-07,10.737400,11.256300,10.617700,10.976900,5.595949,84923036
2003-04-08,10.857200,11.176500,10.857200,10.937000,5.575608,46996493
2003-04-09,11.096700,11.535700,11.096700,11.376100,5.799458,81777067
2003-04-10,11.376100,11.455900,11.096700,11.216400,5.718044,53686363
2003-04-11,11.296200,11.336200,11.096700,11.096700,5.657022,23840971
2003-04-14,11.176500,11.216400,11.016800,11.016800,5.616289,22983556
2003-04-15,11.256300,11.256300,10.976900,11.096700,5.657022,24158611
2003-04-16,11.256300,11.336200,11.136600,11.176500,5.697703,24622322
2003-04-17,11.176500,11.216400,10.897100,10.937000,5.575608,16478914
2003-04-18,11.016800,11.096700,10.777300,10.937000,5.575608,23140605
2003-04-21,10.857200,10.857200,10.218500,10.298300,5.250003,21736835
2003-04-22,10.218500,10.298300,10.058800,10.138700,5.168639,15926936
2003-04-23,10.258400,10.298300,10.098800,10.218500,5.209321,13404587
2003-04-24,10.138700,10.178600,9.539930,9.539930,4.863390,38018739
2003-04-25,9.060930,9.140770,8.901270,8.901270,4.537806,32238138
2003-04-28,8.422260,8.422260,8.302570,8.302570,4.232593,35087768134
2003-04-29,8.382360,8.741600,8.302570,8.542030,4.354668,79620942301
2003-04-30,8.581930,8.621850,7.983220,7.983220,4.069791,34481658211
2003-05-01,7.983200,7.983200,7.983200,7.983200,4.069780,0
2003-05-02,8.023120,8.182790,7.863450,8.182790,4.171529,20961031705
2003-05-05,8.102910,8.302570,7.983220,8.262590,4.212212,13692222743
2003-05-06,8.222700,8.382360,8.142890,8.262590,4.212212,15502156805
2003-05-07,8.422260,8.621850,8.262590,8.581930,4.375010,26366123595
2003-05-08,8.542030,8.542030,8.182790,8.182790,4.171529,12722567817
2003-05-09,8.142890,8.661780,8.142890,8.502140,4.334332,28374859990
2003-05-12,8.502140,8.661780,8.382360,8.382360,4.273270,14882337418
2003-05-13,8.621850,8.741600,8.502140,8.542030,4.354668,16305419926
2003-05-14,8.542030,8.621850,8.462160,8.502140,4.334332,9011233106
2003-05-15,8.422260,8.462160,8.222700,8.342460,4.252929,9223894930
2003-05-16,8.382360,8.462160,8.142890,8.222700,4.191876,10352168157
2003-05-19,8.142890,8.222700,8.102910,8.182790,4.171529,4509339902
2003-05-20,8.142890,8.262590,8.063020,8.182790,4.171529,5608653226
2003-05-21,8.182790,8.222700,7.983220,8.023120,4.090131,9711715958
2003-05-22,8.023120,8.302570,8.023120,8.262590,4.212212,9650312962
2003-05-23,8.342460,8.542030,8.342460,8.422260,4.293611,23029527775
2003-05-26,8.542030,8.981110,8.542030,8.981110,4.578507,45266893280
2003-05-27,9.300430,9.579840,9.300430,9.539930,4.863390,89509065
2003-05-28,9.659680,9.739500,9.420180,9.460090,4.822688,38805889
2003-05-29,9.500010,9.539930,9.300430,9.460090,4.822688,21123874
2003-05-30,9.420180,9.819340,9.340350,9.420180,4.802343,46918978
2003-06-02,9.659680,9.899170,9.659680,9.739500,4.965131,47479675
2003-06-03,9.699590,9.779420,9.500010,9.500010,4.843040,28312911
2003-06-04,9.500010,9.500010,9.500010,9.500010,4.843040,0
2003-06-05,9.579840,9.739500,9.539930,9.579840,4.883737,34378325
2003-06-06,9.579840,9.819340,9.500010,9.619750,4.904083,43627621
2003-06-09,9.579840,9.659680,9.300430,9.460090,4.822688,44587611
2003-06-10,9.420180,9.699590,9.340350,9.460090,4.822688,40500513
2003-06-11,9.500010,9.659680,9.460090,9.460090,4.822688,42846001
2003-06-12,9.539930,10.098800,9.539930,10.098800,5.148298,111287649
2003-06-13,10.138700,10.218500,9.739500,9.779420,4.985481,56945931
2003-06-16,9.779420,10.018900,9.779420,9.899170,5.046529,50530402
2003-06-17,10.058800,10.138700,9.899170,9.899170,5.046529,46703607
2003-06-18,9.939080,10.218500,9.899170,9.939080,5.066875,60161750
2003-06-19,9.979000,10.098800,9.819340,9.899170,5.046529,38830004
2003-06-20,9.899170,10.058800,9.659680,9.659680,4.924438,36110444
2003-06-23,9.579840,9.699590,9.340350,9.340350,4.761647,24422638
2003-06-24,9.260520,9.460090,9.260520,9.300430,4.741295,18564788985
2003-06-25,9.340350,9.619750,9.340350,9.340350,4.761647,29650322
2003-06-26,9.420180,9.500010,9.260520,9.260520,4.720950,16886781175
2003-06-27,9.420180,9.460090,8.981110,8.981110,4.578507,32756899
2003-06-30,8.941180,9.180680,8.941180,9.140770,4.659902,29739554
2003-07-01,9.140770,9.420180,9.140770,9.420180,4.802343,36973156
2003-07-02,9.420180,9.539930,9.300430,9.340350,4.761647,36506615
2003-07-03,9.260520,9.579840,9.260520,9.260520,4.720950,66477698190
2003-07-04,9.380260,9.539930,9.260520,9.260520,4.720950,41556866945
2003-07-07,9.380260,9.420180,9.300430,9.380260,4.781993,28969478
2003-07-08,9.460090,9.699590,9.380260,9.420180,4.802343,67934955
2003-07-09,9.539930,9.699590,9.500010,9.539930,4.863390,50173979
2003-07-10,9.659680,9.779420,9.460090,9.460090,4.822688,53455871
2003-07-11,9.460090,9.500010,9.100850,9.140770,4.659902,27523828
2003-07-14,9.140770,9.340350,9.100850,9.220600,4.700599,27015111
2003-07-15,9.260520,9.460090,9.220600,9.260520,4.720950,34742798594
2003-07-16,9.340350,9.539930,9.260520,9.500010,4.843040,46251704443
2003-07-17,9.500010,9.819340,9.420180,9.420180,4.802343,69348910
2003-07-18,9.579840,9.659680,9.380260,9.420180,4.802343,24226653
2003-07-21,9.579840,9.579840,9.260520,9.260520,4.720950,17737677353
2003-07-22,9.260520,9.380260,9.180680,9.180680,4.680248,17531466699
2003-07-23,9.260520,9.340350,9.180680,9.260520,4.720950,14950005504
2003-07-24,9.380260,9.539930,9.340350,9.380260,4.781993,26055717
2003-07-25,9.500010,9.659680,9.460090,9.460090,4.822688,37082016
2003-07-28,9.659680,10.098800,9.579840,9.979000,5.087226,107782386
2003-07-29,9.979000,9.979000,9.500010,9.579840,4.883737,48595967
2003-07-30,9.699590,9.739500,9.460090,9.619750,4.904083,19135164
2003-07-31,9.579840,9.779420,9.539930,9.619750,4.904083,25577300
2003-08-01,9.739500,9.779420,9.579840,9.579840,4.883737,17373752
2003-08-04,9.579840,9.859260,9.579840,9.659680,4.924438,35688275
2003-08-05,9.739500,9.779420,9.340350,9.340350,4.761647,19671621
2003-08-06,9.260520,9.300430,9.180680,9.300430,4.741295,11754092176
2003-08-07,9.300430,9.340350,9.060930,9.340350,4.761647,18557811
2003-08-08,9.380260,9.420180,9.220600,9.220600,4.700599,8732879
2003-08-11,9.220600,9.260520,9.060930,9.100850,4.639551,7590939476
2003-08-12,9.220600,9.260520,9.140770,9.260520,4.720950,16048698948
2003-08-13,9.364300,9.608580,9.282860,9.527160,4.908850,26882429
2003-08-14,9.690010,9.771440,9.486430,9.527160,4.908850,30778273
2003-08-15,9.690010,10.015700,9.649290,10.015700,5.160570,67096051
2003-08-18,10.178600,10.667100,10.178600,10.504300,5.412320,107010649
2003-08-19,10.707900,10.748600,10.463600,10.504300,5.412320,59981754
2003-08-20,10.667100,10.748600,10.504300,10.545000,5.433290,38266716
2003-08-21,10.626400,11.033600,10.626400,10.748600,5.538195,79635074
2003-08-22,10.952200,10.952200,10.667100,10.830000,5.580135,31239804
2003-08-25,10.830000,11.074300,10.830000,10.911400,5.622077,36230842
2003-08-26,10.911400,10.911400,10.341400,10.341400,5.328385,24679277
2003-08-27,10.382200,10.545000,10.219300,10.219300,5.265474,20977101
2003-08-28,10.300700,10.422900,10.015700,10.015700,5.160570,18383752
2003-08-29,10.137900,10.341400,10.056400,10.260000,5.286444,16306859
2003-09-01,10.260000,10.626400,10.178600,10.463600,5.391349,29650078
2003-09-02,10.585700,10.667100,10.422900,10.504300,5.412320,22258543
2003-09-03,10.667100,10.667100,10.463600,10.504300,5.412320,21108375
2003-09-04,10.585700,10.626400,10.382200,10.504300,5.412320,15617819
2003-09-05,10.585700,10.667100,10.422900,10.463600,5.391349,16550242
2003-09-08,10.260000,10.382200,10.015700,10.056400,5.181540,24880181
2003-09-09,10.056400,10.137900,9.934300,9.975010,5.139604,13057563
2003-09-10,9.934300,9.975010,9.608580,9.649290,4.971777,14995724
2003-09-11,9.649290,9.649290,9.649290,9.649290,4.971777,0
2003-09-12,9.649290,9.812150,9.567870,9.771440,5.034714,8034794
2003-09-15,9.771440,9.852870,9.690010,9.812150,5.055690,4155278
2003-09-16,9.812150,10.015700,9.771440,10.015700,5.160570,8026608
2003-09-17,10.137900,10.137900,10.015700,10.056400,5.181540,8284251
2003-09-18,10.097100,10.097100,9.893580,9.975010,5.139604,5440660
2003-09-19,10.097100,10.137900,9.934300,9.975010,5.139604,18010280
2003-09-22,9.893580,9.975010,9.771440,9.893580,5.097647,8503532
2003-09-23,9.893580,10.097100,9.852870,9.975010,5.139604,11420138
2003-09-24,10.056400,10.422900,10.015700,10.422900,5.370377,27466954
2003-09-25,10.097100,10.260000,10.097100,10.097100,5.202511,9239033
2003-09-26,10.178600,10.260000,10.015700,10.015700,5.160570,8022926
2003-09-29,10.015700,10.219300,10.015700,10.137900,5.223532,12965917
2003-09-30,10.178600,10.260000,9.934300,9.975010,5.139604,8154414
2003-10-01,9.934300,10.015700,9.852870,9.934300,5.118628,7543335
2003-10-02,10.015700,10.137900,9.975010,10.015700,5.160570,5621691
2003-10-03,10.097100,10.463600,10.015700,10.463600,5.391349,30447071
2003-10-06,10.545000,10.707900,10.463600,10.585700,5.454261,40218637
2003-10-07,10.707900,10.952200,10.585700,10.585700,5.454261,44022673
2003-10-08,10.789300,10.911400,10.667100,10.830000,5.580135,54263695
2003-10-09,10.992900,11.562900,10.952200,11.562900,5.957760,155013733
2003-10-10,11.562900,11.562900,11.562900,11.562900,5.957760,0
2003-10-13,11.766400,12.295700,11.725700,12.295700,6.335334,89734742
2003-10-14,12.458600,13.110000,12.458600,13.110000,6.754901,189150595
2003-10-15,13.110000,13.110000,12.621400,12.621400,6.503150,70467608
2003-10-16,12.621400,13.272900,12.458600,12.947200,6.671018,104944288
2003-10-17,12.947200,13.272900,12.621400,13.028600,6.712960,95658827
2003-10-20,13.028600,13.924300,12.865700,13.761400,7.090533,136027333
2003-10-21,13.761400,13.761400,13.272900,13.517200,6.964710,50130360
2003-10-22,13.517200,13.761400,13.354300,13.517200,6.964710,46730757
2003-10-23,13.354300,13.435700,12.702900,12.865700,6.629025,47174678
2003-10-24,12.947200,13.354300,12.947200,12.947200,6.671018,46410276
2003-10-27,13.028600,13.598600,13.028600,13.598600,7.006651,61817893
2003-10-28,13.598600,14.005700,13.354300,13.680000,7.048594,92614554
2003-10-29,13.842900,14.087100,13.517200,14.087100,7.258350,99466361
2003-10-30,14.087100,14.250000,13.924300,14.087100,7.258350,59272637452
2003-10-31,14.168600,14.331500,13.924300,13.924300,7.174469,57461812006
2003-11-03,13.924300,14.087100,13.680000,14.087100,7.258350,35790179
2003-11-04,14.168600,14.250000,13.842900,13.842900,7.132526,28537984558
2003-11-05,14.005700,14.657200,14.005700,14.494300,7.468158,90858347565
2003-11-06,14.412900,14.575700,13.517200,13.680000,7.048594,66642560465
2003-11-07,13.761400,13.761400,13.272900,13.680000,7.048594,36902120
2003-11-10,13.680000,14.087100,13.598600,13.598600,7.006651,38291379
2003-11-11,13.598600,13.598600,13.110000,13.191400,6.796841,41901610
2003-11-12,13.191400,13.354300,12.458600,12.702900,6.545143,47508328
2003-11-13,12.865700,12.865700,12.540000,12.702900,6.545143,30604233
2003-11-14,12.621400,12.865700,12.621400,12.702900,6.545143,20675262
2003-11-17,12.702900,13.028600,12.702900,12.784300,6.587086,25336521
2003-11-18,12.784300,12.947200,12.214300,12.377100,6.377275,25533797
2003-11-19,12.377100,12.540000,12.132900,12.377100,6.377275,31487030
2003-11-20,12.540000,12.784300,12.458600,12.540000,6.461210,29693925
2003-11-21,12.540000,12.702900,12.377100,12.702900,6.545143,17131981
2003-11-24,12.784300,12.947200,12.702900,12.784300,6.587086,23540659
2003-11-25,13.028600,13.110000,12.865700,12.865700,6.629025,19890324
2003-11-26,12.947200,13.028600,12.621400,12.702900,6.545143,10804906
2003-11-27,12.702900,12.702900,12.173600,12.214300,6.293394,26690518
2003-11-28,12.377100,12.540000,12.214300,12.295700,6.335334,21495598
2003-12-01,12.214300,12.621400,12.214300,12.621400,6.503150,15371028
2003-12-02,12.784300,13.028600,12.702900,12.947200,6.671018,43329095
2003-12-03,13.028600,13.191400,12.702900,12.702900,6.545143,22371942
2003-12-04,12.865700,12.865700,12.702900,12.702900,6.545143,12338756
2003-12-05,12.865700,13.028600,12.702900,12.702900,6.545143,18397745
2003-12-08,12.621400,12.947200,12.540000,12.621400,6.503150,24654082
2003-12-09,12.784300,12.784300,12.540000,12.621400,6.503150,10446799
2003-12-10,12.702900,12.784300,12.621400,12.702900,6.545143,14470644
2003-12-11,12.702900,13.028600,12.702900,13.028600,6.712960,24755919
2003-12-12,13.191400,13.354300,12.865700,13.028600,6.712960,58730362
2003-12-15,13.110000,13.191400,12.947200,13.110000,6.754901,19949323
2003-12-16,13.110000,13.517200,13.028600,13.435700,6.922717,65368610
2003-12-17,13.598600,13.598600,12.865700,13.110000,6.754901,49578853
2003-12-18,13.191400,13.598600,13.191400,13.598600,7.006651,50251814
2003-12-19,13.761400,13.761400,13.354300,13.435700,6.922717,25996171
2003-12-22,13.517200,13.842900,13.517200,13.680000,7.048594,36052676
2003-12-23,13.761400,13.842900,13.598600,13.761400,7.090533,29053564
2003-12-24,13.924300,14.087100,13.761400,13.761400,7.090533,49625393
2003-12-25,13.842900,13.842900,13.598600,13.598600,7.006651,17814821
2003-12-26,13.598600,13.761400,13.598600,13.680000,7.048594,10729216
2003-12-29,13.761400,13.924300,13.517200,13.517200,6.964710,26325089
2003-12-30,13.598600,13.680000,13.354300,13.354300,6.880776,21956788
2003-12-31,13.435700,13.680000,13.435700,13.598600,7.006651,17512429
2004-01-01,13.598600,13.598600,13.598600,13.598600,7.006651,0
2004-01-02,13.598600,14.168600,13.598600,13.924300,7.174469,50533806804
2004-01-05,14.168600,14.820000,14.168600,14.820000,7.635974,92708824525
2004-01-06,14.820000,15.227200,14.657200,14.982900,7.719909,83661176
2004-01-07,15.145700,15.227200,14.494300,14.657200,7.552093,62806771331
2004-01-08,14.657200,14.738600,14.168600,14.657200,7.552093,39386554871
2004-01-09,14.657200,14.820000,14.331500,14.412900,7.426219,52099343806
2004-01-12,14.412900,14.657200,14.412900,14.657200,7.552093,20621065397
2004-01-13,14.657200,14.820000,14.575700,14.820000,7.635974,32074884557
2004-01-14,14.820000,15.308600,14.738600,15.145700,7.803792,43886582118
2004-01-15,15.227200,15.308600,14.820000,14.820000,7.635974,26046249030
2004-01-16,14.982900,15.227200,14.820000,15.064300,7.761850,34657163182
2004-01-19,15.064300,15.064300,15.064300,15.064300,7.761850,0
2004-01-20,15.064300,15.064300,15.064300,15.064300,7.761850,0
2004-01-21,15.064300,15.064300,15.064300,15.064300,7.761850,0
2004-01-22,15.064300,15.064300,15.064300,15.064300,7.761850,0
2004-01-23,15.064300,15.064300,15.064300,15.064300,7.761850,0
2004-01-26,15.064300,15.064300,15.064300,15.064300,7.761850,0
2004-01-27,15.227200,15.634300,14.982900,15.390000,7.929667,82567986
2004-01-28,15.308600,15.390000,15.064300,15.227200,7.845782,32379812179
2004-01-29,15.064300,15.145700,14.494300,14.494300,7.468158,40121872906
2004-01-30,14.494300,14.982900,14.331500,14.982900,7.719909,31677683018
2004-02-02,14.901500,15.145700,14.738600,14.901500,7.677968,29260026132
2004-02-03,14.657200,14.657200,14.250000,14.494300,7.468158,30865426725
2004-02-04,14.494300,14.901500,14.412900,14.575700,7.510098,26334855863
2004-02-05,14.575700,14.820000,14.494300,14.575700,7.510098,26414443940
2004-02-06,14.657200,15.390000,14.657200,15.308600,7.887724,64775226823
2004-02-09,15.308600,15.471400,15.064300,15.308600,7.887724,60386678983
2004-02-10,15.390000,16.122900,15.308600,16.041500,8.265350,99709537852
2004-02-11,16.204300,16.204300,15.552900,15.715700,8.097482,55251492
2004-02-12,15.797200,15.960000,14.982900,15.227200,7.845782,47014936
2004-02-13,15.471400,16.285700,15.390000,16.285700,8.391172,74678805872
2004-02-16,16.285700,17.425699,16.285700,17.100000,8.810740,189206622
2004-02-17,17.100000,17.344299,16.611401,17.100000,8.810740,86836249
2004-02-18,17.100000,17.262899,16.530001,16.530001,8.517050,51941787
2004-02-19,16.530001,16.937201,16.448601,16.692900,8.600983,59607598
2004-02-20,16.692900,16.937201,16.530001,16.692900,8.600983,53629315
2004-02-23,16.692900,16.937201,16.448601,16.855700,8.684865,36878842
2004-02-24,16.855700,17.018600,16.285700,16.285700,8.391172,48731374
2004-02-25,16.285700,16.448601,16.041500,16.041500,8.265350,35878079
2004-02-26,16.122900,16.448601,16.041500,16.122900,8.307292,31825967
2004-02-27,16.204300,16.448601,16.204300,16.285700,8.391172,22356944
2004-03-01,16.611401,17.262899,16.448601,16.774300,8.642922,87696883
2004-03-02,17.181400,17.751400,16.855700,17.425699,8.978557,117725665
2004-03-03,17.425699,17.507200,16.937201,16.937201,8.726857,46943848
2004-03-04,17.100000,17.425699,16.937201,17.018600,8.768799,41875716
2004-03-05,17.425699,17.425699,16.448601,16.530001,8.517050,38354783
2004-03-08,16.611401,16.774300,16.204300,16.204300,8.349233,28567134
2004-03-09,16.204300,16.611401,16.204300,16.611401,8.558990,29757256
2004-03-10,16.530001,16.774300,16.285700,16.367201,8.433167,24738904
2004-03-11,16.285700,16.530001,16.204300,16.448601,8.475108,15128510
2004-03-12,16.285700,16.855700,16.204300,16.530001,8.517050,36308823
2004-03-15,16.774300,17.425699,16.367201,16.367201,8.433167,86679423
2004-03-16,16.611401,16.774300,16.204300,16.285700,8.391172,47125639
2004-03-17,16.448601,16.692900,15.878600,15.878600,8.181416,37162304
2004-03-18,15.960000,16.530001,15.960000,16.448601,8.475108,37065681
2004-03-19,16.448601,16.448601,16.122900,16.285700,8.391172,21809818
2004-03-22,15.145700,15.145700,15.145700,15.145700,7.803792,3303395498
2004-03-23,14.087100,14.657200,14.087100,14.087100,7.258350,84579187
2004-03-24,14.412900,14.412900,13.924300,14.168600,7.300343,31472882994
2004-03-25,14.168600,14.331500,14.005700,14.005700,7.216408,21655213278
2004-03-26,14.168600,14.250000,13.924300,13.924300,7.174469,18798068342
2004-03-29,14.738600,14.820000,14.412900,14.820000,7.635974,31991013897
2004-03-30,14.820000,15.064300,14.575700,14.982900,7.719909,20958210445
2004-03-31,15.145700,15.308600,14.901500,14.982900,7.719909,16520791452
2004-04-01,14.982900,15.227200,14.738600,14.738600,7.594032,21241903026
2004-04-02,14.738600,14.982900,14.738600,14.820000,7.635974,11209149843
2004-04-05,14.982900,15.064300,14.657200,14.982900,7.719909,15813472111
2004-04-06,14.982900,15.064300,14.494300,14.575700,7.510098,24206113663
2004-04-07,14.575700,14.657200,14.331500,14.412900,7.426219,27662431332
2004-04-08,14.494300,14.657200,14.412900,14.494300,7.468158,13162034796
2004-04-09,14.494300,14.494300,14.250000,14.331500,7.384275,13823437237
2004-04-12,14.494300,14.901500,14.494300,14.901500,7.677968,23142735675
2004-04-13,15.064300,15.227200,14.901500,15.227200,7.845782,34438692188
2004-04-14,15.308600,15.634300,15.227200,15.227200,7.845782,44783785418
2004-04-15,15.227200,15.308600,14.738600,14.820000,7.635974,19985277497
2004-04-16,14.820000,14.901500,14.657200,14.820000,7.635974,12910314498
2004-04-19,14.901500,15.145700,14.738600,14.738600,7.594032,12672997177
2004-04-20,14.820000,14.982900,14.412900,14.494300,7.468158,21531262390
2004-04-21,14.494300,14.738600,14.412900,14.494300,7.468158,13949141750
2004-04-22,14.575700,14.820000,14.331500,14.412900,7.426219,24336787157
2004-04-23,14.494300,14.575700,14.250000,14.250000,7.342283,13547228914
2004-04-26,14.087100,14.331500,14.005700,14.005700,7.216408,14850568341
2004-04-27,14.005700,14.087100,13.110000,13.354300,6.880776,24509667
2004-04-28,13.354300,13.517200,13.028600,13.110000,6.754901,20757791
2004-04-29,13.110000,13.110000,12.214300,12.214300,6.293394,45865001
2004-04-30,12.051400,12.173600,11.400000,11.603600,5.978731,36467031
2004-05-03,11.766400,11.929300,11.562900,11.847900,6.104607,23918321
2004-05-04,12.051400,12.458600,12.010700,12.377100,6.377275,25247998
2004-05-05,12.377100,12.458600,11.522200,11.562900,5.957760,22633957
2004-05-06,11.888600,12.132900,11.562900,11.807100,6.083584,19421828
2004-05-07,11.807100,12.377100,11.725700,12.295700,6.335334,26166473
2004-05-10,12.132900,12.132900,11.603600,11.725700,6.041644,11994918
2004-05-11,11.725700,12.092200,11.400000,12.010700,6.188489,12729012
2004-05-12,12.214300,12.295700,12.010700,12.010700,6.188489,16509428
2004-05-13,12.051400,12.295700,11.970000,12.092200,6.230480,17179827
2004-05-14,12.214300,12.214300,11.766400,11.766400,6.062613,10392881
2004-05-17,11.481400,11.481400,10.952200,10.952200,5.643099,14794029
2004-05-18,10.952200,11.481400,10.952200,11.318600,5.831886,13923979
2004-05-19,11.562900,12.092200,11.562900,12.092200,6.230480,24413416
2004-05-20,11.807100,12.214300,11.685000,11.766400,6.062613,17981424
2004-05-21,11.807100,12.458600,11.807100,12.458600,6.419268,29777519
2004-05-24,12.377100,12.540000,12.051400,12.051400,6.209460,17208930
2004-05-25,12.010700,12.377100,11.970000,12.092200,6.230480,20734908
2004-05-26,12.377100,12.540000,12.214300,12.295700,6.335334,27693508
2004-05-27,12.458600,12.621400,12.295700,12.377100,6.377275,16078161
2004-05-28,12.540000,12.621400,12.377100,12.458600,6.419268,16106000
2004-05-31,12.621400,12.947200,12.458600,12.458600,6.419268,27433988
2004-06-01,12.458600,12.540000,11.970000,12.214300,6.293394,12173420
2004-06-02,11.970000,12.173600,11.888600,11.888600,6.125577,13611958
2004-06-03,12.010700,12.092200,11.481400,11.481400,5.915768,13671724
2004-06-04,11.400000,11.481400,11.196400,11.359300,5.852856,13187586
2004-06-07,11.481400,11.807100,11.481400,11.807100,6.083584,14639881
2004-06-08,11.929300,12.377100,11.888600,12.092200,6.230480,30039640
2004-06-09,12.092200,12.214300,11.970000,12.051400,6.209460,17836092
2004-06-10,11.847900,11.929300,11.725700,11.807100,6.083584,22563300
2004-06-11,11.725700,11.807100,11.603600,11.644300,5.999702,12986173
2004-06-14,11.847900,11.847900,11.115000,11.196400,5.768922,20290639
2004-06-15,11.033600,11.359300,10.952200,11.359300,5.852856,11269218
2004-06-16,11.481400,11.562900,10.992900,11.074300,5.706011,11065242
2004-06-17,11.074300,11.440700,10.992900,11.237200,5.789945,12721825
2004-06-18,11.196400,11.237200,10.952200,10.992900,5.664069,7619077
2004-06-21,11.318600,11.318600,10.992900,11.033600,5.685039,6449974
2004-06-22,11.033600,11.033600,11.033600,11.033600,5.685039,0
2004-06-23,11.074300,11.562900,11.074300,11.481400,5.915768,19952516
2004-06-24,11.562900,11.725700,11.481400,11.603600,5.978731,22116028
2004-06-25,11.725700,12.173600,11.644300,12.010700,6.188489,39263893
2004-06-28,12.132900,12.214300,11.888600,12.051400,6.209460,18634892
2004-06-29,11.970000,12.132900,11.847900,12.132900,6.251452,11006875
2004-06-30,12.377100,12.540000,12.295700,12.377100,6.377275,32310412
2004-07-01,12.458600,12.784300,12.214300,12.458600,6.419268,30182443
2004-07-02,12.295700,12.377100,12.173600,12.377100,6.377275,10446664
2004-07-05,12.702900,12.865700,12.621400,12.702900,6.545143,52549864
2004-07-06,12.784300,12.784300,12.377100,12.540000,6.461210,16303836
2004-07-07,12.377100,12.784300,12.295700,12.621400,6.503150,17177139
2004-07-08,12.621400,12.947200,12.621400,12.784300,6.587086,24371028
2004-07-09,12.947200,12.947200,12.702900,12.947200,6.671018,16161264
2004-07-12,13.028600,13.110000,12.947200,13.028600,6.712960,16485128
2004-07-13,13.028600,13.110000,12.784300,13.110000,6.754901,14492428
2004-07-14,13.028600,13.028600,12.540000,12.540000,6.461210,14776223
2004-07-15,12.621400,12.621400,12.214300,12.540000,6.461210,17126163
2004-07-16,12.540000,12.784300,12.458600,12.621400,6.503150,16829964
2004-07-19,12.621400,12.784300,12.458600,12.621400,6.503150,8307932
2004-07-20,12.621400,12.784300,12.214300,12.377100,6.377275,16924093
2004-07-21,12.458600,12.540000,12.295700,12.295700,6.335334,16683357
2004-07-22,12.214300,12.295700,12.051400,12.295700,6.335334,7783514
2004-07-23,12.214300,12.377100,12.173600,12.295700,6.335334,10017292
2004-07-26,12.132900,12.214300,11.847900,11.970000,6.167519,9671183
2004-07-27,12.051400,12.173600,11.888600,12.132900,6.251452,6844898
2004-07-28,12.295700,12.458600,12.214300,12.295700,6.335334,8032536
2004-07-29,12.295700,12.295700,11.970000,11.970000,6.167519,8878325
2004-07-30,12.051400,12.173600,12.051400,12.173600,6.272421,8063767
2004-08-02,12.173600,12.377100,12.092200,12.214300,6.293394,13891754
2004-08-03,12.377100,12.865700,12.295700,12.784300,6.587086,22921007
2004-08-04,12.295700,12.702900,12.295700,12.621400,6.503150,7102506
2004-08-05,12.621400,12.784300,12.377100,12.621400,6.503150,11447699
2004-08-06,12.621400,12.621400,12.132900,12.295700,6.335334,10504510
2004-08-09,12.132900,12.295700,12.092200,12.214300,6.293394,4184079
2004-08-10,12.214300,12.377100,12.132900,12.295700,6.335334,5764382
2004-08-11,12.377100,12.458600,12.214300,12.214300,6.293394,4432955
2004-08-12,12.214300,12.377100,12.214300,12.295700,6.335334,4676063
2004-08-13,12.295700,12.702900,12.214300,12.621400,6.503150,21336783
2004-08-16,12.702900,12.865700,12.621400,12.702900,6.545143,13869168
2004-08-17,12.865700,12.865700,12.540000,12.540000,6.461210,6452358
2004-08-18,12.621400,12.784300,12.295700,12.702900,6.545143,10484368
2004-08-19,12.702900,12.947200,12.702900,12.947200,6.671018,12793353
2004-08-20,13.028600,13.110000,12.865700,13.028600,6.712960,16684544
2004-08-23,13.484600,13.821700,13.400300,13.821700,7.121603,25018196
2004-08-24,null,null,null,null,null,null
2004-08-25,12.902700,12.902700,12.902700,12.902700,6.648090,0
2004-08-26,13.906000,13.906000,13.653100,13.906000,7.351190,46381849
2004-08-27,13.990300,14.158800,13.737400,13.906000,7.351190,33080307
2004-08-30,13.990300,14.327400,13.906000,14.158800,7.484830,17846261
2004-08-31,14.158800,15.001600,14.074500,14.327400,7.573956,47030749910
2004-09-01,14.664500,14.664500,14.243100,14.495900,7.663031,27511984795
2004-09-02,14.495900,14.917300,14.327400,14.917300,7.885797,24741927997
2004-09-03,15.085900,15.423000,14.917300,15.085900,7.974925,41727537441
2004-09-06,15.001600,15.423000,14.917300,15.254400,8.063999,29634955733
2004-09-07,15.254400,15.507300,15.170200,15.507300,8.197691,25694617677
2004-09-08,15.507300,15.507300,15.170200,15.170200,8.019489,17755665
2004-09-09,15.170200,15.170200,14.748700,15.001600,7.930362,22021334846
2004-09-10,14.917300,15.085900,14.833100,15.001600,7.930362,14020486308
2004-09-13,15.338700,15.338700,15.085900,15.085900,7.974925,11494595955
2004-09-14,15.338700,15.338700,14.833100,14.917300,7.885797,16026220690
2004-09-15,14.833100,15.001600,14.664500,14.664500,7.752159,12971775460
2004-09-16,14.580200,15.001600,14.495900,14.917300,7.885797,20459506406
2004-09-17,14.917300,14.917300,14.580200,14.748700,7.796669,9536256340
2004-09-20,14.748700,15.507300,14.748700,15.423000,8.153128,30124299928
2004-09-21,15.507300,16.350100,15.507300,16.181499,8.554095,94779941
2004-09-22,16.181499,16.350100,15.928700,16.097200,8.509532,37219908
2004-09-23,15.675800,15.928700,15.591600,15.675800,8.286765,18957671090
2004-09-24,15.591600,16.012899,15.507300,15.760100,8.331330,26400850603
2004-09-27,15.675800,15.928700,15.507300,15.844400,8.375896,13332787378
2004-09-28,15.844400,15.844400,15.844400,15.844400,8.375896,0
2004-09-29,15.760100,16.012899,15.423000,15.675800,8.286765,19737475959
2004-09-30,15.675800,15.844400,15.507300,15.844400,8.375896,19361607320
2004-10-01,15.844400,16.265800,15.760100,16.265800,8.598660,37311497904
2004-10-04,16.350100,16.687201,16.097200,16.181499,8.554095,66355765
2004-10-05,16.181499,16.350100,16.012899,16.097200,8.509532,19669791182
2004-10-06,16.012899,16.518600,16.012899,16.012899,8.464969,41752390446
2004-10-07,16.097200,16.181499,15.844400,15.928700,8.420458,19763102314
2004-10-08,15.928700,16.350100,15.928700,16.097200,8.509532,62502558
2004-10-11,16.097200,16.181499,15.928700,16.181499,8.554095,17580858
2004-10-12,16.181499,16.350100,15.844400,15.844400,8.375896,60286126129
2004-10-13,15.844400,15.928700,15.591600,15.591600,8.242255,23412461926
2004-10-14,15.423000,15.423000,14.580200,14.580200,7.707595,40693026736
2004-10-15,14.495900,14.664500,14.243100,14.664500,7.752159,23564627088
2004-10-18,14.833100,15.085900,14.748700,15.085900,7.974925,26059654989
2004-10-19,15.254400,15.338700,14.664500,14.748700,7.796669,32342959338
2004-10-20,14.664500,15.591600,14.664500,15.338700,8.108563,34192278430
2004-10-21,15.338700,15.675800,15.254400,15.591600,8.242255,37980255231
2004-10-22,15.675800,15.760100,15.254400,15.338700,8.108563,24913585581
2004-10-25,15.338700,15.338700,15.338700,15.338700,8.108563,0
2004-10-26,15.338700,15.423000,15.170200,15.423000,8.153128,11007958490
2004-10-27,15.423000,15.507300,15.170200,15.423000,8.153128,10025319617
2004-10-28,15.507300,15.591600,15.338700,15.338700,8.108563,17168383681
2004-10-29,15.085900,15.254400,14.748700,15.254400,8.063999,21053244235
2004-11-01,15.254400,15.423000,15.170200,15.254400,8.063999,22135764423
2004-11-02,15.338700,15.507300,15.254400,15.507300,8.197691,11224091495
2004-11-03,15.507300,15.675800,15.338700,15.675800,8.286765,15668649
2004-11-04,15.675800,15.675800,15.338700,15.507300,8.197691,7915444
2004-11-05,15.507300,15.844400,15.423000,15.507300,8.197691,23805046854
2004-11-08,15.507300,15.675800,15.423000,15.591600,8.242255,16263152663
2004-11-09,15.591600,15.675800,15.507300,15.591600,8.242255,11577161689
2004-11-10,15.591600,16.181499,15.423000,16.012899,8.464969,42534361139
2004-11-11,16.012899,16.012899,15.675800,15.844400,8.375896,16394287513
2004-11-12,15.844400,16.012899,15.760100,16.012899,8.464969,15036125916
2004-11-15,16.012899,16.265800,15.928700,16.097200,8.509532,28733335891
2004-11-16,16.097200,16.265800,16.012899,16.265800,8.598660,25026587432
2004-11-17,16.265800,16.350100,16.012899,16.265800,8.598660,44000653133
2004-11-18,16.265800,16.265800,15.928700,15.928700,8.420458,19562157
2004-11-19,15.928700,16.012899,15.844400,15.928700,8.420458,10322645713
2004-11-22,15.844400,15.928700,15.760100,15.844400,8.375896,12182982308
2004-11-23,15.760100,16.012899,15.675800,15.844400,8.375896,10077194755
2004-11-24,15.928700,16.097200,15.844400,16.012899,8.464969,14961799350
2004-11-25,16.097200,16.181499,16.012899,16.012899,8.464969,15760815723
2004-11-26,16.012899,16.350100,16.012899,16.012899,8.464969,25417244490
2004-11-29,16.097200,16.181499,16.012899,16.097200,8.509532,11511376139
2004-11-30,16.097200,16.350100,16.012899,16.350100,8.643224,16736830432
2004-12-01,16.265800,16.265800,16.012899,16.181499,8.554095,7102978680
2004-12-02,16.265800,16.265800,16.012899,16.181499,8.554095,7953016420
2004-12-03,16.181499,16.265800,16.097200,16.181499,8.554095,5846516
2004-12-06,16.097200,16.434299,16.097200,16.350100,8.643224,17139974
2004-12-07,16.350100,16.434299,16.181499,16.350100,8.643224,10279922
2004-12-08,16.434299,16.518600,16.350100,16.434299,8.687736,13407579
2004-12-09,16.434299,16.518600,16.350100,16.434299,8.687736,11057676
2004-12-10,16.434299,16.518600,16.350100,16.434299,8.687736,15844798
2004-12-13,16.602900,16.602900,16.350100,16.518600,8.732300,27041411
2004-12-14,16.602900,16.602900,16.434299,16.518600,8.732300,7773543
2004-12-15,16.518600,17.108601,16.434299,16.940001,8.955067,36942797
2004-12-16,16.940001,17.108601,16.855700,17.024300,8.999629,15061926
2004-12-17,17.024300,17.698500,17.024300,17.614201,9.311472,38306777
2004-12-20,17.445700,17.698500,17.192801,17.698500,9.356036,23855420
2004-12-21,17.782801,18.035601,17.614201,17.698500,9.356036,18621532
2004-12-22,17.867100,17.951300,17.445700,17.445700,9.222396,18618729
2004-12-23,17.445700,17.530001,17.192801,17.530001,9.266960,16060319
2004-12-24,17.445700,17.698500,17.445700,17.530001,9.266960,8256189
2004-12-27,17.614201,17.698500,17.445700,17.530001,9.266960,4567995
2004-12-28,17.530001,17.782801,17.530001,17.698500,9.356036,10728800
2004-12-29,17.782801,17.867100,17.530001,17.614201,9.311472,11787860
2004-12-30,17.782801,17.867100,17.614201,17.698500,9.356036,13416003
2004-12-31,17.698500,17.782801,17.530001,17.614201,9.311472,11571263
2005-01-03,17.614201,18.288500,17.614201,18.035601,9.534238,42781887
2005-01-04,18.035601,18.035601,17.782801,17.782801,9.400599,11895048
2005-01-05,17.614201,17.698500,17.361401,17.698500,9.356036,11092925
2005-01-06,17.530001,17.698500,17.445700,17.530001,9.266960,3340414
2005-01-07,17.530001,17.614201,16.855700,16.855700,8.910502,18860475
2005-01-10,17.108601,17.530001,17.024300,17.445700,9.222396,17131062
2005-01-11,17.445700,17.614201,17.361401,17.530001,9.266960,12358997
2005-01-12,17.530001,17.782801,17.445700,17.530001,9.266960,13306223
2005-01-13,17.614201,17.698500,17.108601,17.277100,9.133268,12905502
2005-01-14,17.024300,17.530001,17.024300,17.361401,9.177834,8721360
2005-01-17,17.445700,17.698500,17.445700,17.530001,9.266960,6998613
2005-01-18,17.614201,17.614201,17.361401,17.530001,9.266960,7321031
2005-01-19,17.530001,17.614201,17.361401,17.530001,9.266960,9256097
2005-01-20,17.108601,17.361401,17.024300,17.108601,9.044193,9915687
2005-01-21,17.108601,17.277100,17.024300,17.192801,9.088706,8992668
2005-01-24,17.192801,17.192801,16.855700,16.940001,8.955067,7316844
2005-01-25,16.940001,17.024300,16.097200,16.097200,8.509532,21753096
2005-01-26,16.181499,16.350100,16.012899,16.350100,8.643224,11095270090
2005-01-27,16.434299,16.602900,16.265800,16.518600,8.732300,22854983
2005-01-28,16.518600,16.687201,16.518600,16.687201,8.821426,8521491
2005-01-31,16.687201,17.277100,16.602900,16.940001,8.955067,21091368
2005-02-01,17.192801,17.192801,16.940001,16.940001,8.955067,8507742
2005-02-02,17.277100,17.614201,17.192801,17.277100,9.133268,28845481
2005-02-03,17.361401,17.530001,17.277100,17.530001,9.266960,10505091
2005-02-04,17.530001,17.530001,17.530001,17.530001,9.266960,0
2005-02-07,17.530001,17.530001,17.530001,17.530001,9.266960,0
2005-02-08,17.530001,17.530001,17.530001,17.530001,9.266960,0
2005-02-09,17.530001,17.530001,17.530001,17.530001,9.266960,0
2005-02-10,17.530001,17.530001,17.530001,17.530001,9.266960,0
2005-02-11,17.530001,17.530001,17.530001,17.530001,9.266960,0
2005-02-14,17.698500,17.698500,17.445700,17.614201,9.311472,7939139
2005-02-15,17.614201,17.614201,17.192801,17.361401,9.177834,7754785
2005-02-16,17.361401,17.361401,17.024300,17.108601,9.044193,12478787
2005-02-17,17.024300,17.192801,16.855700,16.940001,8.955067,20733578
2005-02-18,16.940001,17.024300,16.855700,16.940001,8.955067,6720128
2005-02-21,16.940001,17.192801,16.940001,16.940001,8.955067,10540850
2005-02-22,17.024300,17.108601,16.855700,16.940001,8.955067,6737072
2005-02-23,16.940001,17.024300,16.687201,16.771500,8.865992,10676132
2005-02-24,16.771500,17.024300,16.771500,16.855700,8.910502,9531904
2005-02-25,17.024300,17.192801,16.940001,17.024300,8.999629,17144618
2005-02-28,17.024300,17.024300,17.024300,17.024300,8.999629,0
2005-03-01,17.192801,17.361401,17.066401,17.235001,9.111012,29814956
2005-03-02,17.361401,17.445700,17.192801,17.319300,9.155577,22931472570
2005-03-03,17.319300,17.445700,17.192801,17.192801,9.088706,9938151230
2005-03-04,17.192801,17.403500,17.192801,17.403500,9.200089,10817009
2005-03-07,17.403500,18.077801,17.403500,17.698500,9.356036,35381415362
2005-03-08,17.867100,17.867100,17.530001,17.530001,9.266960,32468425
2005-03-09,17.698500,17.909201,17.656401,17.782801,9.400599,10108303974
2005-03-10,17.698500,17.782801,17.614201,17.782801,9.400599,32705400
2005-03-11,17.782801,17.867100,17.698500,17.698500,9.356036,14181925
2005-03-14,17.698500,17.698500,17.361401,17.445700,9.222396,8945964
2005-03-15,17.403500,17.445700,16.687201,16.813601,8.888247,15042061
2005-03-16,16.771500,16.813601,16.602900,16.729300,8.843682,6657199950
2005-03-17,16.560801,16.645000,16.265800,16.350100,8.643224,22494537
2005-03-18,16.350100,16.434299,16.223600,16.307899,8.620915,5079629
2005-03-21,16.307899,16.518600,16.307899,16.307899,8.620915,6768370
2005-03-22,16.350100,16.687201,16.307899,16.602900,8.776862,9623897
2005-03-23,16.602900,16.645000,16.350100,16.645000,8.799120,3462050
2005-03-24,16.602900,16.602900,16.265800,16.265800,8.598660,5463055
2005-03-25,16.265800,16.560801,16.265800,16.476500,8.710042,3447853
2005-03-28,16.518600,16.645000,16.350100,16.350100,8.643224,1884502
2005-03-29,16.350100,16.350100,16.055099,16.265800,8.598660,4392683
2005-03-30,16.223600,16.223600,15.633700,15.675800,8.286765,16316623
2005-03-31,15.718000,15.886500,15.001600,15.423000,8.153128,25612408875
2005-04-01,15.380900,15.380900,14.748700,15.001600,7.930362,7754572452
2005-04-04,15.001600,16.012899,15.001600,15.928700,8.420458,42448671153
2005-04-05,15.928700,15.928700,15.928700,15.928700,8.420458,0
2005-04-06,15.928700,15.928700,15.380900,15.675800,8.286765,14400232
2005-04-07,15.675800,15.675800,15.170200,15.170200,8.019489,10598381
2005-04-08,15.338700,15.549400,15.254400,15.507300,8.197691,4599392135
2005-04-11,15.507300,15.591600,15.254400,15.591600,8.242255,3381664334
2005-04-12,15.338700,15.549400,15.338700,15.465100,8.175384,3307792
2005-04-13,15.423000,15.507300,15.338700,15.465100,8.175384,1691579630
2005-04-14,15.380900,15.465100,15.338700,15.338700,8.108563,4979490
2005-04-15,15.254400,15.254400,15.128000,15.128000,7.997180,8984764212
2005-04-18,15.001600,15.254400,15.001600,15.128000,7.997180,10064704358
2005-04-19,15.170200,15.380900,15.128000,15.380900,8.130873,6686323
2005-04-20,15.507300,15.507300,15.212300,15.338700,8.108563,6127446
2005-04-21,15.212300,15.591600,15.170200,15.591600,8.242255,6138049776
2005-04-22,15.633700,15.886500,15.633700,15.718000,8.309074,10385103
2005-04-25,15.633700,15.760100,15.423000,15.675800,8.286765,4058444907
2005-04-26,15.675800,15.886500,15.675800,15.844400,8.375896,9743629102
2005-04-27,15.970800,16.181499,15.886500,16.097200,8.509532,12362786
2005-04-28,16.097200,16.223600,15.970800,16.181499,8.554095,11049623
2005-04-29,16.012899,16.097200,15.928700,16.012899,8.464969,8725623171
2005-05-02,16.012899,16.012899,16.012899,16.012899,8.464969,0
2005-05-03,15.844400,15.844400,15.465100,15.675800,8.286765,17999694638
2005-05-04,15.718000,15.844400,15.380900,15.380900,8.130873,7316812562
2005-05-05,15.465100,15.844400,15.465100,15.802200,8.353585,10155511463
2005-05-06,15.802200,16.012899,15.718000,15.970800,8.442713,9422299367
2005-05-09,15.928700,15.970800,15.675800,15.760100,8.331330,6560723
2005-05-10,15.591600,15.760100,15.465100,15.633700,8.264510,5859907644
2005-05-11,15.423000,15.591600,15.296600,15.423000,8.153128,4608548969
2005-05-12,15.465100,15.760100,15.465100,15.760100,8.331330,5390361
2005-05-13,15.760100,15.928700,15.675800,15.760100,8.331330,5590042
2005-05-16,15.886500,15.886500,15.423000,15.465100,8.175384,3774293328
2005-05-17,15.507300,15.591600,15.380900,15.549400,8.219946,3734556062
2005-05-18,15.549400,15.718000,15.507300,15.591600,8.242255,9395823647
2005-05-19,15.633700,15.760100,15.128000,15.170200,8.019489,14167717
2005-05-20,15.170200,15.296600,14.917300,15.043700,7.952615,18547028075
2005-05-23,15.043700,15.170200,14.875200,15.001600,7.930362,3428453199
2005-05-24,15.170200,15.170200,15.001600,15.128000,7.997180,6944325959
2005-05-25,15.128000,15.254400,15.085900,15.170200,8.019489,17249677021
2005-05-26,15.170200,15.338700,15.170200,15.296600,8.086308,7970088
2005-05-27,15.296600,15.296600,15.128000,15.212300,8.041744,9325566
2005-05-30,15.212300,15.254400,15.128000,15.212300,8.041744,5313013762
2005-05-31,15.170200,15.212300,15.043700,15.043700,7.952615,6308876
2005-06-01,15.085900,15.170200,14.833100,14.875200,7.863541,7517468623
2005-06-02,14.917300,15.380900,14.917300,15.170200,8.019489,16436775574
2005-06-03,15.254400,15.465100,15.170200,15.212300,8.041744,16443960472
2005-06-06,15.212300,15.633700,15.170200,15.465100,8.175384,22160379
2005-06-07,15.507300,15.675800,15.423000,15.465100,8.175384,17226400464
2005-06-08,15.591600,15.718000,15.507300,15.591600,8.242255,10041938962
2005-06-09,15.591600,16.223600,15.507300,16.139400,8.531841,34091800025
2005-06-10,16.307899,16.940001,16.307899,16.940001,8.955067,42170177
2005-06-13,16.940001,16.940001,16.560801,16.855700,8.910502,12131774
2005-06-14,16.855700,16.855700,16.097200,16.139400,8.531841,14312686
2005-06-15,16.223600,16.560801,16.181499,16.518600,8.732300,13913182
2005-06-16,16.771500,16.813601,16.392200,16.518600,8.732300,8188446
2005-06-17,16.687201,16.771500,16.518600,16.560801,8.754607,7825068
2005-06-20,16.687201,16.729300,16.518600,16.602900,8.776862,3961576578
2005-06-21,16.602900,16.687201,16.350100,16.476500,8.710042,5697035
2005-06-22,16.476500,16.560801,16.265800,16.350100,8.643224,10944566
2005-06-23,16.392200,16.645000,16.307899,16.560801,8.754607,24009646
2005-06-24,16.518600,16.518600,16.097200,16.307899,8.620915,8401610
2005-06-27,16.350100,16.434299,16.223600,16.265800,8.598660,9650958
2005-06-28,16.350100,16.813601,16.265800,16.771500,8.865992,11194132
2005-06-29,16.855700,16.897900,16.307899,16.518600,8.732300,11180382
2005-06-30,16.518600,16.560801,16.434299,16.560801,8.754607,4201848
2005-07-01,16.602900,16.602900,16.307899,16.476500,8.710042,3028126
2005-07-04,16.476500,16.687201,16.350100,16.518600,8.732300,3833665
2005-07-05,16.518600,16.518600,16.350100,16.350100,8.643224,2664251
2005-07-06,16.434299,16.518600,16.392200,16.434299,8.687736,27840497
2005-07-07,16.434299,16.476500,16.055099,16.097200,8.509532,8989194
2005-07-08,16.055099,16.265800,16.012899,16.223600,8.576353,4173164215
2005-07-11,16.223600,16.476500,16.223600,16.476500,8.710042,3423370
2005-07-12,16.518600,16.602900,16.350100,16.476500,8.710042,1691291
2005-07-13,16.476500,16.602900,16.392200,16.518600,8.732300,4312032
2005-07-14,16.645000,16.687201,16.434299,16.687201,8.821426,4465153
2005-07-15,16.687201,17.277100,16.687201,17.235001,9.111012,18081806
2005-07-18,17.235001,17.235001,17.235001,17.235001,9.111012,0
2005-07-19,17.698500,17.698500,17.024300,17.066401,9.021886,8536104
2005-07-20,17.066401,17.108601,16.687201,16.771500,8.865992,8128962
2005-07-21,16.265800,16.855700,16.265800,16.476500,8.710042,5647976
2005-07-22,16.855700,17.614201,16.813601,17.277100,9.133268,36063093
2005-07-25,17.361401,17.530001,17.024300,17.150700,9.066447,8805490988
2005-07-26,17.150700,17.277100,17.024300,17.066401,9.021886,7204155524
2005-07-27,17.066401,17.150700,16.729300,16.729300,8.843682,6026608950
2005-07-28,16.729300,16.813601,16.476500,16.687201,8.821426,6813349745
2005-07-29,16.687201,16.813601,16.645000,16.687201,8.821426,6312290
2005-08-01,16.687201,16.771500,16.687201,16.771500,8.865992,3200356
2005-08-02,16.855700,17.024300,16.771500,16.897900,8.932810,7167008
2005-08-03,17.192801,17.530001,17.192801,17.361401,9.177834,11332147
2005-08-04,17.487801,17.487801,17.277100,17.403500,9.200089,8686626207
2005-08-05,17.403500,17.403500,17.403500,17.403500,9.200089,0
2005-08-08,17.361401,17.403500,17.150700,17.361401,9.177834,2742316395
2005-08-09,17.277100,17.319300,17.024300,17.192801,9.088706,8588442520
2005-08-10,17.192801,17.192801,16.434299,16.518600,8.732300,25268440
2005-08-11,16.518600,16.645000,16.392200,16.602900,8.776862,9203800
2005-08-12,16.602900,17.024300,16.602900,17.024300,8.999629,5977301
2005-08-15,17.192801,17.361401,17.024300,17.277100,9.133268,13499214
2005-08-16,17.319300,17.361401,16.897900,17.066401,9.021886,7852665806
2005-08-17,17.066401,17.108601,16.940001,16.940001,8.955067,5821337
2005-08-18,16.940001,16.982100,16.813601,16.940001,8.955067,5487145
2005-08-19,16.855700,16.855700,16.645000,16.771500,8.865992,5047130
2005-08-22,16.813601,17.024300,16.771500,16.982100,8.977322,3429107
2005-08-23,16.602900,17.192801,16.602900,17.108601,9.044193,6981211
2005-08-24,17.108601,17.192801,17.024300,17.192801,9.088706,7083772
2005-08-25,17.192801,17.277100,16.813601,17.277100,9.133268,17415770
2005-08-26,17.024300,17.235001,17.024300,17.192801,9.088706,5861548
2005-08-29,17.108601,17.192801,17.024300,17.108601,9.044193,3913764
2005-08-30,17.024300,17.192801,17.024300,17.108601,9.044193,3235720
2005-08-31,17.150700,17.235001,16.982100,17.108601,9.044193,12272405753
2005-09-01,17.108601,17.108601,17.108601,17.108601,9.044193,0
2005-09-02,17.108601,17.150700,16.940001,17.108601,9.044193,14349434987
2005-09-05,17.108601,17.403500,17.108601,17.108601,9.044193,9643845
2005-09-06,17.235001,17.277100,17.108601,17.150700,9.066447,5016246198
2005-09-07,17.235001,17.319300,17.192801,17.235001,9.111012,4681083167
2005-09-08,17.235001,17.277100,17.150700,17.235001,9.111012,3963032946
2005-09-09,17.235001,17.235001,17.024300,17.108601,9.044193,10075511
2005-09-12,17.108601,17.192801,17.066401,17.108601,9.044193,5387517
2005-09-13,17.108601,17.192801,17.066401,17.108601,9.044193,6944099
2005-09-14,17.108601,17.192801,17.066401,17.108601,9.044193,13536183
2005-09-15,17.108601,17.192801,16.982100,16.982100,8.977322,12005412
2005-09-16,17.024300,17.108601,16.940001,16.940001,8.955067,20236440
2005-09-19,17.329100,17.561300,17.329100,17.375500,9.542961,21931349303
2005-09-20,17.375500,17.514900,17.236099,17.514900,9.619524,22194794505
2005-09-21,17.468399,18.118900,17.468399,17.933001,9.849153,40450664830
2005-09-22,17.840099,18.025999,17.747200,18.025999,9.900229,10752552377
2005-09-23,18.025999,18.165300,17.886600,18.165300,9.976736,13008090506
2005-09-26,18.211800,18.444099,18.211800,18.397600,10.104319,8560580988
2005-09-27,18.397600,19.048000,18.397600,18.955099,10.410508,24702329171
2005-09-28,19.048000,19.512600,19.048000,19.419701,10.665678,33887486676
2005-09-29,19.419701,19.419701,18.862200,19.326799,10.614653,16534746
2005-09-30,19.326799,19.466200,19.233900,19.466200,10.691216,20849694
2005-10-03,19.466200,19.744900,19.419701,19.559099,10.742238,12506458091
2005-10-04,19.559099,19.559099,19.373199,19.512600,10.716699,11062225551
2005-10-05,19.512600,19.559099,19.140900,19.419701,10.665678,12106151399
2005-10-06,19.326799,19.466200,19.280300,19.419701,10.665678,7417933
2005-10-07,19.419701,19.512600,19.373199,19.512600,10.716699,7571924957
2005-10-10,19.512600,19.512600,19.512600,19.512600,10.716699,0
2005-10-11,19.512600,19.605600,19.373199,19.466200,10.691216,8001064197
2005-10-12,19.466200,19.512600,19.419701,19.466200,10.691216,8843126534
2005-10-13,19.466200,19.652000,19.466200,19.605600,10.767777,7996670226
2005-10-14,19.605600,19.791401,19.605600,19.744900,10.844281,10483896941
2005-10-17,19.744900,19.744900,19.559099,19.605600,10.767777,9889944974
2005-10-18,19.512600,19.512600,19.187401,19.326799,10.614653,13009490114
2005-10-19,19.233900,19.326799,19.187401,19.280300,10.589117,11999944885
2005-10-20,19.280300,19.326799,18.815701,18.862200,10.359486,20562948432
2005-10-21,18.862200,19.140900,18.629900,18.769300,10.308465,18276115326
2005-10-24,18.769300,18.769300,18.583401,18.722799,10.282925,13249351821
2005-10-25,18.722799,18.908701,18.676399,18.676399,10.257441,9213410906
2005-10-26,18.676399,18.908701,18.629900,18.769300,10.308465,5142745241
2005-10-27,18.769300,18.862200,18.676399,18.722799,10.282925,4645592829
2005-10-28,18.769300,18.955099,18.676399,18.676399,10.257441,8436264558
2005-10-31,18.769300,19.280300,18.769300,19.140900,10.512553,5579421799
2005-11-01,19.187401,19.326799,19.048000,19.140900,10.512553,4208086369
2005-11-02,19.187401,19.233900,19.048000,19.048000,10.461531,3566853051
2005-11-03,18.955099,19.233900,18.955099,19.001600,10.436049,4774772
2005-11-04,19.094500,19.419701,19.001600,19.419701,10.665678,7368769
2005-11-07,19.419701,19.419701,18.815701,18.815701,10.333947,4994981709
2005-11-08,19.001600,19.373199,18.722799,19.326799,10.614653,5832997353
2005-11-09,19.326799,19.419701,19.140900,19.419701,10.665678,6572956523
2005-11-10,19.326799,19.466200,19.280300,19.326799,10.614653,4611801
2005-11-11,19.326799,19.373199,19.140900,19.280300,10.589117,4944099568
2005-11-14,19.187401,19.280300,19.001600,19.140900,10.512553,6200414313
2005-11-15,19.140900,19.187401,18.629900,18.722799,10.282925,11652990106
2005-11-16,18.676399,18.908701,18.629900,18.815701,10.333947,8901928943
2005-11-17,18.815701,19.048000,18.722799,18.815701,10.333947,7326030458
2005-11-18,18.815701,19.233900,18.815701,19.187401,10.538093,9145590784
2005-11-21,18.955099,19.187401,18.815701,18.908701,10.385025,4948075965
2005-11-22,18.908701,19.187401,18.908701,19.001600,10.436049,12003824757
2005-11-23,19.001600,19.187401,18.862200,19.094500,10.487068,5650069464
2005-11-24,19.094500,19.094500,18.955099,18.955099,10.410508,4596099
2005-11-25,18.955099,19.326799,18.908701,19.048000,10.461531,13228687
2005-11-28,19.187401,19.187401,18.955099,19.048000,10.461531,10815659576
2005-11-29,19.048000,19.187401,18.955099,19.001600,10.436049,5064972586
2005-11-30,19.140900,19.559099,19.048000,19.466200,10.691216,23875070781
2005-12-01,19.512600,20.023701,19.373199,19.930799,10.946382,18965383307
2005-12-02,19.930799,20.116600,19.744900,20.070101,11.022889,11232874873
2005-12-05,20.070101,20.209499,19.930799,20.070101,11.022889,5090552673
2005-12-06,20.070101,20.070101,19.837799,19.930799,10.946382,4737550414
2005-12-07,19.930799,20.163000,19.791401,20.070101,11.022889,7763899935
2005-12-08,19.977200,20.070101,19.512600,19.791401,10.869822,7346323721
2005-12-09,19.884300,20.116600,19.884300,20.116600,11.048428,11594191
2005-12-12,20.163000,20.163000,19.930799,19.977200,10.971866,3213612628
2005-12-13,19.977200,19.977200,19.512600,19.698500,10.818799,9934649536
2005-12-14,19.698500,19.837799,19.466200,19.837799,10.895303,7215024
2005-12-15,19.744900,20.256001,19.652000,20.070101,11.022889,8898243
2005-12-16,19.977200,20.163000,19.977200,20.023701,10.997404,15026278669
2005-12-19,20.070101,20.999300,20.023701,20.952801,11.507685,17288507
2005-12-20,20.952801,20.952801,20.674101,20.720501,11.380102,11109888804
2005-12-21,20.906401,20.906401,20.627600,20.720501,11.380102,13079384467
2005-12-22,20.767000,20.999300,20.627600,20.767000,11.405641,8719588595
2005-12-23,21.185101,21.278000,20.952801,21.138700,11.609785,15533181121
2005-12-26,21.185101,21.371000,20.906401,20.906401,11.482202,8272955308
2005-12-27,20.999300,21.696199,20.952801,21.649700,11.890435,12017148
2005-12-28,21.603300,22.439501,21.324499,22.439501,12.324210,17811553
2005-12-29,21.603300,22.486000,21.603300,22.253700,12.222162,15490132
2005-12-30,22.253700,22.300100,21.742599,21.789101,11.966997,15780713392
2006-01-02,21.371000,21.371000,20.627600,21.371000,11.737368,9083354
2006-01-03,21.371000,22.021400,21.138700,21.928400,12.043503,10828993620
2006-01-04,21.975000,22.114300,21.835501,21.835501,11.992479,13593820040
2006-01-05,21.928400,22.160801,21.835501,21.975000,12.069096,14907893259
2006-01-06,21.975000,22.114300,21.835501,22.021400,12.094580,22250988649
2006-01-09,22.021400,22.021400,21.463900,21.463900,11.788391,14861616
2006-01-10,21.649700,21.789101,21.185101,21.556801,11.839413,16452278538
2006-01-11,21.556801,21.835501,21.417400,21.603300,11.864952,13930679598
2006-01-12,21.835501,21.835501,21.510300,21.556801,11.839413,16032550452
2006-01-13,21.696199,22.393000,21.603300,22.114300,12.145603,20868037
2006-01-16,22.300100,22.532400,22.114300,22.439501,12.324210,19233247659
2006-01-17,22.393000,22.393000,22.207199,22.300100,12.247646,11842799574
2006-01-18,22.160801,22.207199,21.789101,21.928400,12.043503,12883510731
2006-01-19,21.835501,22.300100,21.603300,22.300100,12.247646,9343801047
2006-01-20,22.300100,22.393000,22.114300,22.160801,12.171143,8601204235
2006-01-23,22.160801,22.253700,22.067801,22.114300,12.145603,12149524
2006-01-24,22.300100,22.300100,21.882000,21.882000,12.018018,9703261016
2006-01-25,22.021400,22.253700,21.742599,22.207199,12.196623,6681216
2006-02-03,22.486000,23.322201,22.393000,23.089899,12.681421,25940293736
2006-02-06,22.950600,23.508101,22.625401,23.461599,12.885566,21187677081
2006-02-07,23.508101,23.508101,22.857599,22.950600,12.604916,11331591282
2006-02-08,22.904100,23.136400,22.718300,22.764700,12.502815,21378168517
2006-02-09,22.811199,22.857599,22.253700,22.393000,12.298670,14983229
2006-02-10,22.393000,22.393000,22.207199,22.300100,12.247646,7204261439
2006-02-13,22.300100,22.346600,22.207199,22.207199,12.196623,16849406211
2006-02-14,22.207199,22.857599,22.114300,22.625401,12.426308,11080830681
2006-02-15,22.671801,22.764700,22.300100,22.300100,12.247646,6337899017
2006-02-16,22.393000,22.764700,22.393000,22.578899,12.400770,8029727828
2006-02-17,22.764700,22.764700,22.439501,22.486000,12.349748,2918726613
2006-02-20,22.578899,23.275801,22.532400,23.043501,12.655938,10809622
2006-02-21,23.229300,23.229300,22.764700,22.764700,12.502815,4768760407
2006-02-22,22.857599,22.857599,22.625401,22.857599,12.553836,6569287537
2006-02-23,22.950600,22.950600,22.718300,22.764700,12.502815,3844281740
2006-02-24,22.578899,22.904100,22.578899,22.857599,12.553836,5728755
2006-02-27,22.764700,22.811199,22.671801,22.764700,12.502815,3560158226
2006-03-01,22.764700,22.764700,22.578899,22.718300,12.477331,4180064837
2006-03-02,22.718300,23.415100,22.718300,23.229300,12.757984,15667709232
2006-03-03,23.229300,24.622999,23.229300,24.158501,13.268319,29537044255
2006-03-06,24.158501,24.297800,24.019100,24.204901,13.293801,6087138416
2006-03-07,24.204901,24.530100,24.158501,24.390800,13.395901,10039043
2006-03-08,24.390800,24.576599,24.297800,24.390800,13.395901,7136459154
2006-03-09,24.390800,24.390800,23.926201,24.158501,13.268319,11654460
2006-03-10,24.065599,24.158501,23.647400,23.879801,13.115250,20702298581
2006-03-13,23.879801,23.972601,23.693899,23.693899,13.013149,17241152633
2006-03-14,23.508101,23.647400,22.857599,23.182800,12.732444,4835486232
2006-03-15,23.182800,23.322201,22.764700,22.997000,12.630398,15115604907
2006-03-16,22.764700,23.136400,22.625401,22.764700,12.502815,7178432697
2006-03-17,22.764700,23.229300,22.486000,23.136400,12.706960,5693239074
2006-03-20,23.136400,23.182800,22.857599,22.950600,12.604916,4106881301
2006-03-21,23.182800,23.322201,23.043501,23.182800,12.732444,6036555292
2006-03-22,23.229300,23.322201,22.950600,23.182800,12.732444,6954577298
2006-03-23,23.229300,23.229300,22.904100,22.997000,12.630398,12389523
2006-03-24,22.997000,23.322201,22.904100,23.229300,12.757984,7156908
2006-03-27,23.229300,23.368700,23.136400,23.229300,12.757984,14483860
2006-03-28,23.229300,23.229300,22.811199,22.904100,12.579374,6694131
2006-03-29,22.857599,22.857599,22.300100,22.486000,12.349748,7481928292
2006-03-30,22.486000,23.136400,22.207199,23.136400,12.706960,8306318
2006-03-31,23.043501,23.275801,22.950600,23.229300,12.757984,12133381
2006-04-03,23.182800,23.229300,22.904100,22.950600,12.604916,5742745738
2006-04-04,22.950600,23.415100,22.904100,23.322201,12.809006,4795666658
2006-04-06,23.322201,23.368700,23.043501,23.182800,12.732444,9408373952
2006-04-07,22.811199,23.322201,22.811199,23.229300,12.757984,7872599
2006-04-10,23.136400,23.229300,22.718300,22.857599,12.553836,10575004689
2006-04-11,22.904100,22.950600,22.625401,22.764700,12.502815,5711535745
2006-04-12,22.764700,23.089899,22.764700,23.043501,12.655938,4859163105
2006-04-13,23.136400,23.322201,23.089899,23.182800,12.732444,7979144704
2006-04-14,23.229300,23.275801,22.997000,23.229300,12.757984,12785574
2006-04-17,23.275801,23.786800,23.275801,23.786800,13.064173,15252286
2006-04-18,23.786800,23.786800,23.368700,23.415100,12.860027,11006571734
2006-04-19,23.461599,24.251400,23.275801,23.368700,12.834543,31622771
2006-04-20,23.786800,23.786800,23.043501,23.368700,12.834543,13673461
2006-04-21,23.322201,23.368700,23.043501,23.089899,12.681421,10230612010
2006-04-24,23.229300,23.601000,23.182800,23.275801,12.783520,27924855641
2006-04-25,23.275801,23.972601,23.136400,23.229300,12.757984,32087700268
2006-04-26,23.229300,23.275801,22.950600,23.229300,12.757984,11557599
2006-04-27,23.415100,24.251400,23.415100,23.647400,12.987609,71529262624
2006-04-28,23.647400,23.647400,22.671801,23.229300,12.757984,19061052
2006-05-02,23.229300,24.622999,23.229300,24.622999,13.523429,45015337462
2006-05-03,24.901800,26.341999,24.855400,25.505800,14.008278,51000234
2006-05-04,25.923901,26.760201,25.552200,26.760201,14.697220,50154319290
2006-05-05,26.760201,26.760201,26.109699,26.760201,14.697220,37420405
2006-05-08,27.131800,27.596399,26.202600,26.760201,14.697220,47951282187
2006-05-09,26.574301,26.574301,25.180599,25.459299,13.982738,31032998280
2006-05-10,25.598700,26.388500,24.158501,24.948299,13.702087,37434396
2006-05-11,24.901800,24.948299,24.251400,24.716000,13.574506,11389708
2006-05-12,24.622999,25.180599,24.576599,24.716000,13.574506,15862506508
2006-05-15,24.901800,24.901800,23.972601,24.065599,13.217294,16955952660
2006-05-16,24.251400,24.344299,23.089899,23.089899,12.681421,18708050635
2006-05-17,23.229300,23.554501,22.950600,23.554501,12.936590,15859278
2006-05-18,23.136400,23.786800,23.089899,23.693899,13.013149,21142474158
2006-05-19,23.601000,23.693899,23.229300,23.461599,12.885566,15311478
2006-05-22,23.647400,23.647400,22.671801,22.671801,12.451795,14639913
2006-05-23,22.393000,22.393000,21.835501,21.928400,12.043503,14863767846
2006-05-24,22.114300,22.253700,21.696199,22.067801,12.120065,15988425
2006-05-25,22.253700,22.950600,22.160801,22.718300,12.477331,16361875840
2006-05-26,23.229300,23.879801,23.229300,23.508101,12.911104,28658841823
2006-05-29,23.693899,23.786800,23.229300,23.647400,12.987609,11370336
2006-05-30,23.601000,25.273500,23.136400,25.273500,13.880699,30987798
2006-06-01,24.622999,24.622999,23.926201,24.112000,13.242778,17819085702
2006-06-02,24.065599,24.251400,23.554501,23.926201,13.140736,8134122
2006-06-05,24.590599,24.733601,23.256201,23.351500,12.825098,14504930
2006-06-06,23.446899,23.494499,22.636700,23.113300,12.694273,9451024
2006-06-07,23.113300,23.113300,22.589001,22.589001,12.406319,6685383
2006-06-08,22.398399,22.398399,21.016399,21.016399,11.542615,17626244
2006-06-09,21.111700,21.635900,20.778099,21.254700,11.673492,12425453
2006-06-12,21.207001,21.397600,20.492201,20.873400,11.464076,13463093
2006-06-13,20.492201,20.635099,19.872601,20.253901,11.123836,18877917
2006-06-14,20.206200,20.873400,20.110901,20.778099,11.411736,13255355
2006-06-15,20.968700,21.064100,20.778099,20.778099,11.411736,9668205
2006-06-16,21.397600,21.778900,21.350000,21.635900,11.882856,10226369
2006-06-19,21.683599,22.398399,21.445299,22.064800,12.118417,7344268
2006-06-20,21.731199,22.017200,21.445299,21.445299,11.778172,11863092
2006-06-21,21.159401,21.635900,21.159401,21.350000,11.725835,9295745
2006-06-22,22.207800,22.207800,21.683599,21.969500,12.066074,10868468
2006-06-23,21.826500,21.921900,21.445299,21.540600,11.830515,4768529
2006-06-26,21.683599,21.969500,21.635900,21.921900,12.039933,5424267
2006-06-27,22.017200,22.255400,21.874201,22.112499,12.144614,7440793
2006-06-28,21.826500,22.112499,21.826500,22.112499,12.144614,3237773
2006-06-29,22.112499,22.636700,22.064800,22.541401,12.380174,12999355
2006-06-30,22.827299,22.875000,22.493700,22.684401,12.458714,10649189
2006-07-03,22.684401,23.256201,22.589001,23.018000,12.641932,10087877
2006-07-04,23.351500,23.351500,23.018000,23.113300,12.694273,6171284
2006-07-05,23.113300,23.399200,22.970301,23.065599,12.668076,7989515
2006-07-06,23.065599,23.065599,22.589001,22.875000,12.563393,13267945
2006-07-07,22.875000,22.922600,22.589001,22.732000,12.484857,7620203
2006-07-10,22.493700,22.732000,22.207800,22.589001,12.406319,7537318
2006-07-11,22.732000,23.256201,22.636700,22.970301,12.615736,9901123
2006-07-12,23.256201,24.066401,23.160900,23.494499,12.903634,15656931
2006-07-13,23.446899,23.446899,23.065599,23.351500,12.825098,3005904
2006-07-14,22.875000,22.875000,22.446100,22.636700,12.432515,7855220
2006-07-17,22.398399,22.446100,21.445299,22.207800,12.196955,8960007
2006-07-18,22.207800,22.207800,22.017200,22.017200,12.092272,4882889
2006-07-19,22.112499,22.398399,22.112499,22.255400,12.223097,8358827
2006-07-20,22.684401,22.684401,21.969500,22.112499,12.144614,10883157
2006-07-21,22.112499,22.255400,21.874201,21.969500,12.066074,3751872
2006-07-24,21.921900,22.160101,21.874201,22.160101,12.170757,2099412
2006-07-25,22.303101,22.398399,22.207800,22.303101,12.249294,2892593
2006-07-26,21.417400,21.603300,21.371000,21.371000,11.737368,4047689
2006-07-27,21.463900,21.742599,21.463900,21.696199,11.915973,4805353
2006-07-28,22.350800,22.970301,22.350800,22.922600,12.589538,9085909
2006-07-31,22.922600,23.018000,22.684401,23.018000,12.641932,4884988
2006-08-01,23.065599,23.256201,23.018000,23.065599,12.668076,2939806
2006-08-02,22.486000,22.486000,22.067801,22.253700,12.222162,2628146
2006-08-03,22.827299,23.018000,22.779699,22.970301,12.615736,3494823
2006-08-04,23.018000,23.113300,22.732000,22.970301,12.615736,2876855
2006-08-07,22.779699,22.827299,22.541401,22.636700,12.432515,1518165
2006-08-08,22.636700,22.827299,22.541401,22.827299,12.537195,1735346
2006-08-09,22.827299,23.065599,22.398399,23.065599,12.668076,3560921
2006-08-10,23.065599,23.160900,22.875000,22.875000,12.563393,3689970
2006-08-11,22.875000,23.018000,22.684401,22.970301,12.615736,3589249
2006-08-14,23.065599,23.399200,22.970301,23.303900,12.798953,6673842
2006-08-15,23.303900,23.303900,23.018000,23.208599,12.746613,1845510
2006-08-16,23.303900,23.494499,23.208599,23.446899,12.877492,7032662
2006-08-17,23.494499,23.685101,23.446899,23.494499,12.903634,5409578
2006-08-18,23.494499,23.589800,23.399200,23.542200,12.929832,4696135
2006-08-21,23.542200,23.542200,22.541401,22.732000,12.484857,4197
2006-08-22,22.732000,22.875000,22.303101,22.446100,12.327834,8393
2006-08-23,22.493700,22.541401,21.635900,21.921900,12.039933,13442109
2006-08-24,22.017200,22.350800,21.921900,22.350800,12.275492,12361453
2006-08-25,21.296301,21.489901,21.005899,21.102699,12.342714,10575282
2006-08-28,21.296301,21.296301,20.909100,20.957500,12.257789,2895625
2006-08-29,21.005899,21.102699,20.909100,20.957500,12.257789,3556774
2006-08-30,21.102699,21.344700,20.957500,21.247900,12.427640,4048504
2006-08-31,21.393101,21.441500,21.151100,21.247900,12.427640,4380111
2006-09-01,21.247900,21.296301,21.054300,21.102699,12.342714,3621856
2006-09-04,21.133301,21.325001,20.989599,21.229200,12.416702,5225224603
2006-09-05,21.441500,21.586700,21.393101,21.586700,12.625800,8333575
2006-09-06,21.780300,21.925501,21.538300,21.586700,12.625800,6371822
2006-09-07,21.586700,22.215900,21.489901,22.167500,12.965502,10432722
2006-09-08,21.973900,22.167500,21.828699,21.877100,12.795652,2093982
2006-09-11,21.877100,22.361099,21.489901,21.538300,12.597491,7709615
2006-09-12,21.538300,21.683500,21.296301,21.344700,12.484256,6380086
2006-09-13,21.489901,21.586700,21.296301,21.393101,12.512567,1928695
2006-09-14,21.393101,21.538300,20.618700,21.102699,12.342714,6235460
2006-09-15,21.005899,21.780300,21.005899,21.780300,12.739034,4388375
2006-09-18,21.780300,22.699900,21.780300,22.651501,13.248588,10379004
2006-09-19,22.457899,22.893499,22.361099,22.748301,13.305205,10278798
2006-09-20,22.748301,23.329100,22.699900,23.038700,13.475057,11968860
2006-09-21,23.135500,23.522699,23.135500,23.329100,13.644911,13365537
2006-09-22,23.232300,23.232300,22.941900,22.990299,13.446749,4901799
2006-09-25,23.038700,23.329100,22.990299,23.329100,13.644911,4379078
2006-09-26,23.377501,24.151899,23.377501,23.958300,14.012918,15808689
2006-09-27,24.103500,24.587500,24.055099,24.393900,14.267695,13402727
2006-09-28,24.393900,24.442301,23.716299,24.297100,14.211078,9285009
2006-09-29,24.006701,24.297100,23.813101,24.006701,14.041227,6039181
2006-10-02,24.006701,24.829500,24.006701,24.781099,14.494167,10790156
2006-10-03,24.732700,24.732700,24.345501,24.442301,14.296006,11075276
2006-10-04,24.490700,24.684299,24.442301,24.490700,14.324314,9821159
2006-10-05,24.684299,25.361900,24.684299,25.216700,14.748942,14940931
2006-10-09,24.966999,24.966999,24.966999,24.966999,14.602897,0
2006-10-11,25.168301,25.652300,24.926300,25.071501,14.664015,11137259
2006-10-12,25.071501,25.168301,24.877899,25.071501,14.664015,5163159
2006-10-13,25.071501,25.313499,24.926300,25.071501,14.664015,6317071
2006-10-16,25.168301,25.265100,24.877899,25.168301,14.720634,11909977
2006-10-17,25.071501,25.071501,24.781099,24.829500,14.522474,3025789
2006-10-18,24.781099,25.071501,24.732700,25.071501,14.664015,4943121
2006-10-19,25.071501,25.507099,25.071501,25.410299,14.862178,11314943
2006-10-20,25.458700,26.426701,25.458700,26.329901,15.400041,14223998
2006-10-23,26.571899,26.668699,26.087900,26.329901,15.400041,16571076
2006-10-24,26.281500,26.475100,26.184700,26.378300,15.428350,4995806
2006-10-25,26.329901,26.378300,26.136299,26.329901,15.400041,10737470
2006-10-26,26.329901,26.378300,26.233101,26.233101,15.343424,9437900
2006-10-27,26.233101,26.233101,26.087900,26.136299,15.286806,14530812
2006-10-30,26.039499,26.039499,25.555500,25.555500,14.947103,12122784
2006-10-31,25.555500,25.749100,25.361900,25.410299,14.862178,13466776
2006-11-01,25.410299,25.507099,25.313499,25.361900,14.833871,4940022
2006-11-02,25.410299,25.603901,25.313499,25.555500,14.947103,8332542
2006-11-03,25.555500,26.087900,25.410299,26.087900,15.258496,4451391
2006-11-06,24.587500,25.942699,24.587500,25.652300,15.003720,3835696
2006-11-07,26.039499,26.378300,25.942699,26.136299,15.286806,3326405
2006-11-08,26.087900,26.136299,25.749100,25.845900,15.116955,2517531
2006-11-09,25.845900,26.426701,25.845900,26.136299,15.286806,8589770
2006-11-10,26.136299,26.136299,25.700701,25.942699,15.173571,2946245
2006-11-13,25.749100,25.942699,25.555500,25.749100,15.060337,3493758
2006-11-14,25.894300,26.136299,25.894300,26.087900,15.258496,3237563
2006-11-15,26.136299,26.233101,25.942699,26.233101,15.343424,3378057
2006-11-16,26.281500,26.426701,26.136299,26.184700,15.315114,3134259
2006-11-17,26.184700,26.329901,25.991100,26.039499,15.230188,3570204
2006-11-20,26.136299,26.329901,25.894300,25.894300,15.145264,9757111
2006-11-21,25.894300,25.894300,25.410299,25.797501,15.088644,5786085
2006-11-22,25.829599,26.740101,25.398300,26.740101,15.639962,11471913839
2006-11-23,27.007500,28.895201,27.007500,28.507900,16.673927,28870511
2006-11-24,28.120800,28.362700,27.636700,27.927200,16.334282,8935840
2006-11-27,27.830299,28.169100,27.588301,28.169100,16.475767,6850122
2006-11-28,27.794399,27.794399,27.459000,27.650600,16.172501,2758685
2006-11-29,27.927200,27.975500,27.346300,27.927200,16.334282,7376975
2006-11-30,28.120800,28.459600,27.975500,28.411100,16.617310,6204469
2006-12-01,28.411100,28.895201,28.120800,28.895201,16.900452,8744727
2006-12-04,29.040400,30.105200,28.895201,30.008400,17.551550,14003959
2006-12-05,30.008400,30.008400,29.137199,29.814800,17.438316,8014364
2006-12-06,29.621201,29.814800,29.330799,29.718000,17.381699,4177634
2006-12-07,29.814800,29.959999,29.621201,29.814800,17.438316,6906939
2006-12-08,29.766399,29.863199,29.330799,29.718000,17.381699,4587753
2006-12-11,29.621201,29.669600,29.282400,29.427601,17.211847,4037140
2006-12-12,29.427601,29.427601,28.846800,29.427601,17.211847,4119784
2006-12-13,29.233999,29.427601,28.653200,29.233999,17.098614,4067098
2006-12-14,29.040400,29.040400,28.072300,28.120800,16.447517,6626984
2006-12-15,28.265900,28.507900,28.072300,28.169100,16.475767,7976141
2006-12-18,28.169100,28.217600,27.927200,28.072300,16.419151,8834601
2006-12-19,28.072300,28.556400,27.975500,27.975500,16.362532,7694120
2006-12-20,28.072300,28.265900,27.878700,28.169100,16.475767,6719958
2006-12-21,28.169100,28.169100,27.588301,27.733500,16.220985,8043289
2006-12-22,27.733500,27.781900,27.394699,27.733500,16.220985,3496858
2006-12-25,27.975500,28.265900,27.685101,28.120800,16.447517,4640438
2006-12-26,28.362700,28.507900,28.120800,28.459600,16.645676,5305719
2006-12-27,28.604700,28.798401,28.265900,28.411100,16.617310,8362500
2006-12-28,28.556400,28.556400,28.072300,28.217600,16.504135,4255113
2006-12-29,28.169100,28.556400,28.120800,28.507900,16.673927,4294368
2007-01-02,28.701599,28.846800,28.411100,28.798401,16.843834,4180733
2007-01-03,28.798401,28.895201,28.507900,28.507900,16.673927,4961715
2007-01-04,28.217600,28.507900,28.217600,28.411100,16.617310,2358442
2007-01-05,28.411100,28.459600,28.024000,28.120800,16.447517,7399702
2007-01-08,27.588301,28.169100,27.588301,28.072300,16.419151,6767478
2007-01-09,28.362700,29.282400,28.169100,29.282400,17.126923,10359376
2007-01-10,29.282400,29.282400,28.701599,28.798401,16.843834,13812846
2007-01-11,28.169100,28.750000,27.975500,28.120800,16.447517,5397660
2007-01-12,28.895201,29.040400,28.750000,29.040400,16.985378,11523618
2007-01-15,29.040400,29.040400,28.314400,28.314400,16.560753,3886316
2007-01-16,28.314400,28.653200,28.072300,28.314400,16.560753,3449337
2007-01-17,28.314400,28.604700,27.878700,28.604700,16.730545,6268517
2007-01-18,28.653200,28.846800,28.314400,28.846800,16.872147,6304674
2007-01-19,28.750000,28.750000,28.072300,28.169100,16.475767,9685831
2007-01-22,28.169100,28.411100,27.781900,28.362700,16.588999,6086702
2007-01-23,28.072300,28.556400,28.072300,28.411100,16.617310,3859456
2007-01-24,28.459600,28.750000,28.217600,28.750000,16.815527,9867646
2007-01-25,28.943600,28.943600,28.217600,28.265900,16.532383,4050570
2007-01-26,28.072300,28.265900,27.781900,27.781900,16.249298,6680702
2007-01-29,27.685101,27.975500,27.588301,27.781900,16.249298,2566084
2007-01-30,27.781900,27.975500,27.539900,27.539900,16.107756,1664236
2007-01-31,27.588301,27.636700,26.813900,27.297899,15.966212,6779875
2007-02-01,27.394699,27.491501,27.055901,27.055901,15.824667,2828477
2007-02-02,27.201099,27.346300,26.959101,27.249500,15.937902,3893547
2007-02-05,27.733500,27.781900,27.055901,27.104300,15.852977,7022640
2007-02-06,27.104300,27.491501,27.007500,27.491501,16.079447,3130127
2007-02-07,27.588301,27.781900,27.491501,27.539900,16.107756,3451404
2007-02-08,27.588301,27.685101,26.959101,27.491501,16.079447,5681748
2007-02-09,27.491501,27.539900,27.249500,27.491501,16.079447,3505122
2007-02-12,27.297899,27.491501,26.765499,27.104300,15.852977,5831539
2007-02-13,27.104300,27.249500,26.862301,27.007500,15.796357,2651827
2007-02-14,27.201099,27.201099,26.620300,26.813900,15.683125,9041210
2007-02-26,27.055901,27.055901,26.233101,26.378300,15.428350,15468817
2007-02-27,26.378300,26.765499,26.329901,26.765499,15.654818,10308757
2007-03-01,26.136299,26.136299,25.410299,25.555500,14.947103,15620674
2007-03-02,25.555500,25.942699,25.216700,25.942699,15.173571,7960645
2007-03-05,25.749100,25.749100,24.103500,24.248699,14.182773,13642393
2007-03-06,24.248699,25.023100,24.200300,24.539101,14.352624,17413008
2007-03-07,24.539101,24.587500,24.248699,24.490700,14.324314,15273571
2007-03-08,24.684299,24.732700,24.442301,24.587500,14.380932,14391351
2007-03-09,24.487801,25.062901,24.487801,24.727400,14.462756,19566421121
2007-03-12,25.071501,25.168301,24.974701,25.071501,14.664015,7432759
2007-03-13,24.974701,25.119900,24.926300,25.119900,14.692326,7332554
2007-03-14,24.781099,25.216700,24.490700,25.023100,14.635708,12120718
2007-03-15,25.458700,25.991100,25.410299,25.797501,15.088644,18277666
2007-03-16,25.991100,26.426701,25.942699,26.281500,15.371734,14995682
2007-03-19,26.329901,26.717100,26.281500,26.620300,15.569892,10480242
2007-03-20,26.717100,26.765499,26.136299,26.233101,15.343424,3696235
2007-03-21,26.233101,26.426701,25.942699,26.039499,15.230188,4546431
2007-03-22,26.378300,26.717100,26.378300,26.523500,15.513272,9697194
2007-03-23,26.813900,26.813900,26.233101,26.717100,15.626510,13082483
2007-03-26,26.717100,26.717100,26.136299,26.475100,15.484968,7135242
2007-03-27,26.475100,26.717100,26.184700,26.184700,15.315114,8423449
2007-03-28,26.378300,26.426701,26.184700,26.184700,15.315114,7206522
2007-03-29,26.184700,26.717100,26.184700,26.620300,15.569892,7255076
2007-03-30,26.717100,27.007500,26.620300,27.007500,15.796357,8398656
2007-04-02,27.201099,27.201099,26.813900,26.959101,15.768051,1805763
2007-04-03,27.055901,27.104300,26.717100,26.862301,15.711435,9978182
2007-04-04,27.104300,27.781900,27.055901,27.636700,16.164370,10882097
2007-04-09,27.878700,28.846800,27.878700,28.750000,16.815527,13531857
2007-04-10,28.846800,28.895201,28.314400,28.507900,16.673927,10120743
2007-04-11,28.120800,28.459600,27.346300,27.685101,16.192680,14892378
2007-04-12,27.201099,27.539900,27.201099,27.346300,15.994519,13368636
2007-04-13,27.539900,28.072300,27.394699,28.024000,16.390898,12040140
2007-04-16,28.459600,29.621201,28.459600,29.476000,17.240154,35351835
2007-04-17,29.766399,31.508801,29.669600,29.718000,17.381699,61414529
2007-04-18,30.105200,30.298800,29.137199,29.621201,17.325081,13957472
2007-04-19,29.524401,29.766399,28.653200,28.798401,16.843834,16486366
2007-04-20,28.798401,29.137199,28.556400,29.137199,17.041996,5925547
2007-04-23,29.040400,29.040400,28.653200,28.653200,16.758909,11048417
2007-04-24,28.653200,29.524401,28.653200,29.282400,17.126923,8199279
2007-04-25,29.282400,29.282400,28.653200,28.701599,16.787220,7129044
2007-04-26,28.846800,28.943600,28.653200,28.701599,16.787220,8872824
2007-04-27,28.943600,29.718000,28.701599,29.379200,17.183540,17907836
2007-04-30,29.040400,29.282400,28.701599,28.798401,16.843834,7048467
2007-05-02,28.657000,29.088301,28.369499,28.369499,16.592979,14323459134
2007-05-03,29.040400,29.330799,28.750000,29.040400,16.985378,11823201
2007-05-04,29.330799,29.379200,28.943600,29.185600,17.070305,14131023
2007-05-07,29.330799,29.476000,29.040400,29.088800,17.013687,7040202
2007-05-08,29.233999,29.427601,29.185600,29.233999,17.098614,6348062
2007-05-09,29.330799,29.427601,29.233999,29.330799,17.155230,6263352
2007-05-10,29.427601,30.540800,29.427601,30.347200,17.749710,18562787
2007-05-11,30.202000,30.202000,29.621201,29.621201,17.325081,13847969
2007-05-14,30.008400,30.298800,29.718000,30.008400,17.551550,10356277
2007-05-15,30.008400,30.202000,29.766399,29.863199,17.466623,12550465
2007-05-16,29.863199,30.347200,29.863199,30.056801,17.579861,7585650
2007-05-17,30.202000,30.347200,30.008400,30.008400,17.551550,6943096
2007-05-18,30.008400,30.105200,29.959999,30.008400,17.551550,4678661
2007-05-21,30.105200,31.073200,30.105200,30.782801,18.004490,11202341
2007-05-22,31.073200,31.799200,31.073200,31.412001,18.372498,15303530
2007-05-23,31.944401,32.283199,31.847601,31.896000,18.655584,24641224
2007-05-24,31.702400,31.847601,31.315201,31.653999,18.514042,13488469
2007-05-25,31.653999,31.653999,30.879601,31.170000,18.230955,16386161
2007-05-28,31.460400,31.508801,30.927999,30.976400,18.117722,8700306
2007-05-29,31.363600,31.508801,30.637600,30.976400,18.117722,9686864
2007-05-30,30.976400,31.073200,30.298800,30.782801,18.004490,10570117
2007-05-31,30.782801,31.073200,30.105200,30.105200,17.608166,14912006
2007-06-01,30.492399,31.266800,30.444000,31.121599,18.202646,13936811
2007-06-04,31.460400,31.750799,30.589199,30.686001,17.947870,11016393
2007-06-05,30.976400,30.976400,30.298800,30.395599,17.778019,18299360
2007-06-06,30.927999,30.927999,30.492399,30.589199,17.891253,9278811
2007-06-07,30.734400,30.831200,30.202000,30.637600,17.919561,12186833
2007-06-08,30.395599,30.395599,29.911600,30.153601,17.636477,30799206
2007-06-11,30.686001,31.024799,30.298800,30.347200,17.749710,20475986
2007-06-12,30.492399,31.170000,30.347200,31.170000,18.230955,21779689
2007-06-13,31.460400,32.912399,31.266800,32.089600,18.768818,30308509
2007-06-14,32.428398,32.960800,32.331600,32.622002,19.080214,15283902
2007-06-15,32.912399,33.009201,32.331600,33.009201,19.306684,15927489
2007-06-20,33.396400,35.235600,33.057598,34.509602,20.184254,31671096
2007-06-21,34.509602,36.881302,34.461201,36.881302,21.571428,52677034
2007-06-22,36.784500,36.784500,35.332401,35.574402,20.807037,18433656
2007-06-25,36.881302,37.752499,36.687599,37.220100,21.769587,26590580
2007-06-26,37.558899,37.558899,36.300400,37.074902,21.684662,17317968
2007-06-27,37.171700,38.236500,37.171700,37.316898,21.826204,11951298
2007-06-28,37.655701,37.849300,37.220100,37.413700,21.882822,7918290
2007-06-29,37.462101,37.704102,36.590900,36.881302,21.571428,11811837
2007-07-02,36.978100,36.978100,35.816399,36.300400,21.231661,10515366
2007-07-03,36.493999,36.590900,35.864799,36.203701,21.175108,10115577
2007-07-04,36.300400,37.171700,36.155300,36.493999,21.344898,11417214
2007-07-05,36.493999,36.784500,35.816399,35.816399,20.948578,15487412
2007-07-06,35.816399,37.413700,35.574402,37.316898,21.826204,26185626
2007-07-09,37.752499,38.042900,37.123299,37.558899,21.967745,21187754
2007-07-10,37.558899,37.558899,36.881302,37.171700,21.741280,5577410
2007-07-11,36.784500,37.074902,36.106800,36.251999,21.203358,16134098
2007-07-12,36.397301,36.687599,36.106800,36.348900,21.260033,8370764
2007-07-13,36.881302,38.042900,36.687599,37.074902,21.684662,20019380
2007-07-16,37.752499,39.204498,37.268501,38.236500,22.364067,22245593
2007-07-17,38.720501,40.124100,38.188099,39.930500,23.354868,25025517
2007-07-18,39.930500,40.946899,39.204498,40.656502,23.779499,37162763
2007-07-19,40.462898,40.704899,39.591702,39.785301,23.269941,12970914
2007-07-20,40.027302,40.075699,38.672100,39.059299,22.845312,13293224
2007-07-23,39.059299,40.898499,39.010899,40.220901,23.524719,15263241
2007-07-24,41.140499,42.205299,40.511299,42.205299,24.685371,17536973
2007-07-25,41.963299,42.205299,41.237301,42.156898,24.657063,14467796
2007-07-26,42.592499,42.640900,40.704899,41.188900,24.090891,13351074
2007-07-27,39.785301,40.075699,38.575298,38.575298,22.562225,21438784
2007-07-30,35.685799,37.201199,35.685799,36.907902,22.561678,19294418
2007-07-31,37.836700,39.449902,37.201199,38.960999,23.816727,19512278
2007-08-01,38.227798,38.618801,36.272400,36.321301,22.203093,22834387
2007-08-02,36.663399,37.347801,34.317001,35.196899,21.515747,20660901
2007-08-03,36.028000,37.641201,35.490200,37.445599,22.890368,19443749
2007-08-06,36.174599,38.618801,36.174599,38.472198,23.517927,16164598
2007-08-07,39.889801,41.160801,39.889801,40.329800,24.653473,48697335
2007-08-08,41.063099,41.600800,40.623100,40.867500,24.982166,19966409
2007-08-09,41.356400,41.454102,39.303200,39.938702,24.414394,16783403
2007-08-10,38.472198,39.303200,37.934399,38.570000,23.577711,19822192
2007-08-13,39.498798,41.258598,39.449902,40.867500,24.982166,24304175
2007-08-14,41.063099,43.018501,40.280899,41.845200,25.579832,29446899
2007-08-15,40.574200,41.649700,38.960999,38.960999,23.816727,18440366
2007-08-16,37.641201,37.641201,36.272400,36.272400,22.173197,31373886
2007-08-17,35.294701,36.174599,34.072601,35.196899,21.515747,37571133
2007-08-20,37.543400,37.543400,36.370201,36.956799,22.591568,24986394
2007-08-21,36.663399,39.009899,35.979099,36.663399,22.412214,43892142
2007-08-22,36.516800,37.543400,35.979099,37.347801,22.830584,23689462
2007-08-23,38.716599,39.107700,38.374401,39.107700,23.906406,31072155
2007-08-24,39.107700,39.938702,38.765499,38.912201,23.786900,33180180
2007-08-27,40.085400,40.085400,38.325500,38.618801,23.607544,16988989
2007-08-28,38.618801,39.107700,38.374401,38.618801,23.607544,12926360
2007-08-29,37.836700,38.618801,37.445599,38.178902,23.338636,14663103
2007-08-30,38.618801,40.085400,38.618801,38.814400,23.727112,33883878
2007-08-31,39.792099,41.502998,39.352100,41.454102,25.340754,39275146
2007-09-03,42.040798,43.018501,41.551899,41.796299,25.549936,21814639
2007-09-04,42.040798,42.431801,39.596500,40.525299,24.772976,13702678
2007-09-05,41.014198,41.014198,39.205399,39.303200,24.025915,10927776
2007-09-06,39.547600,41.551899,39.547600,41.551899,25.400536,20329509
2007-09-07,41.551899,41.649700,40.574200,40.623100,24.832766,13251616
2007-09-10,39.596500,39.889801,39.107700,39.841000,24.354673,17835881
2007-09-11,40.085400,40.427601,39.596500,40.183201,24.563860,6529663
2007-09-12,40.720901,40.720901,39.352100,39.498798,24.145483,12397564
2007-09-13,40.280899,40.672001,39.743198,40.476501,24.743151,19382380
2007-09-14,40.769798,42.040798,40.623100,41.356400,25.281031,22648235
2007-09-17,41.600800,42.627399,40.574200,40.574200,24.802874,21841232
2007-09-18,40.574200,40.574200,40.574200,40.574200,24.802874,0
2007-09-19,42.040798,42.920700,40.965302,41.943001,25.639616,35193084
2007-09-20,42.529598,44.240601,41.943001,44.142799,26.984348,44791198
2007-09-21,44.973801,47.222500,44.973801,47.222500,28.866955,54910948
2007-09-26,47.711399,50.448898,47.711399,50.448898,30.839243,35900873
2007-09-27,51.719898,52.795399,48.982399,50.546700,30.899031,65255718
2007-09-28,51.035500,52.599800,49.862301,52.208801,31.915066,40320465
2007-10-01,52.208801,54.359699,52.013199,52.795399,32.273651,35303548
2007-10-02,52.795399,53.284199,51.622101,51.817699,31.675989,22896779
2007-10-03,51.817699,52.697601,50.840000,51.231098,31.317396,21597802
2007-10-04,50.644501,51.035500,47.955799,48.542400,29.673807,32194185
2007-10-05,48.053600,49.666801,47.906898,48.982399,29.942780,32371132
2007-10-08,49.764500,50.742199,48.395802,50.742199,31.018538,22930532
2007-10-09,50.351101,50.351101,48.151299,48.786800,29.823208,21317550
2007-10-11,49.569000,52.111000,49.569000,52.111000,31.855280,51824087
2007-10-12,53.382000,55.044102,53.284199,53.284199,32.572460,49910396
2007-10-15,53.773102,56.217300,53.382000,53.382000,32.632240,34759410
2007-10-16,53.382000,53.870800,52.599800,53.870800,32.931042,19351696
2007-10-17,54.261902,54.359699,51.915501,52.599800,32.154079,12813850
2007-10-18,52.990898,54.261902,52.306499,53.577499,32.751747,13498115
2007-10-19,53.284199,54.261902,52.795399,52.795399,32.273651,9810860
2007-10-22,51.133301,51.524399,50.155602,50.840000,31.078320,19933679
2007-10-23,51.133301,51.328800,49.862301,50.546700,30.899031,17269241
2007-10-24,50.840000,53.577499,50.840000,52.795399,32.273651,24766488
2007-10-25,54.164101,54.457500,52.893101,53.284199,32.572460,19541940
2007-10-26,54.261902,56.119499,53.479801,55.532902,33.947079,31494578
2007-10-29,56.217300,56.510601,54.555199,54.750801,33.468979,19299532
2007-10-30,54.946301,55.239601,53.773102,53.773102,32.871319,9162394
2007-10-31,54.359699,54.653000,52.893101,53.968601,32.990826,12983638
2007-11-01,55.239601,55.532902,51.328800,52.306499,31.974789,21446425
2007-11-02,50.840000,51.622101,49.862301,50.253399,30.719736,21498588
2007-11-05,50.155602,50.742199,48.298000,49.471199,30.241579,21892373
2007-11-06,50.448898,50.448898,49.080101,49.764500,30.420872,14135330
2007-11-07,50.840000,51.524399,50.155602,50.742199,31.018538,13393787
2007-11-08,49.275700,50.057800,48.395802,48.884602,29.882994,15869004
2007-11-09,49.764500,51.524399,49.275700,51.231098,31.317396,22962239
2007-11-12,48.982399,50.057800,47.662498,47.711399,29.165819,14871758
2007-11-13,47.418098,48.493500,46.831501,46.880299,28.657770,14330688
2007-11-14,49.080101,49.080101,47.858002,48.591301,29.703699,22264678
2007-11-15,48.395802,48.395802,47.711399,48.004700,29.345112,10366249
2007-11-16,47.027000,47.027000,44.973801,45.413799,27.761301,12840443
2007-11-19,45.756001,45.951500,43.311798,43.311798,26.476357,20272231
2007-11-20,40.280899,42.529598,40.280899,42.040798,25.699396,39545170
2007-11-21,42.236301,43.996101,42.236301,43.507301,26.595867,40611968
2007-11-22,43.018501,44.485001,42.529598,44.387199,27.133747,26421406
2007-11-23,45.267101,45.316002,43.067299,43.067299,26.326895,23573884
2007-11-26,45.951500,45.951500,44.533901,45.316002,27.701517,21563026
2007-11-27,43.996101,44.876099,42.822899,43.067299,26.326895,23043042
2007-11-28,43.996101,43.996101,43.605099,43.849499,26.805054,16521561
2007-11-29,45.756001,45.756001,44.973801,45.462700,27.791195,17305039
2007-11-30,45.462700,46.782600,45.462700,46.000401,28.119896,28377032
2007-12-03,46.538101,46.538101,45.267101,45.462700,27.791195,15024157
2007-12-04,45.120499,46.342602,45.120499,45.804901,28.000383,16225967
2007-12-05,46.244801,46.440399,45.267101,46.000401,28.119896,16821247
2007-12-06,46.733700,47.075901,46.098202,46.244801,28.269295,15725810
2007-12-07,46.880299,47.075901,45.951500,45.951500,28.089998,12210388
2007-12-10,46.342602,46.342602,43.605099,44.289501,27.074022,15514087
2007-12-11,44.582802,45.462700,44.289501,45.022701,27.522228,13914401
2007-12-12,44.485001,44.973801,44.191700,44.485001,27.193529,12906926
2007-12-13,44.778301,45.951500,41.551899,42.040798,25.699396,27372626
2007-12-14,42.627399,44.778301,41.063099,43.507301,26.595867,30877819
2007-12-17,43.507301,44.582802,43.165100,44.044998,26.924561,27864601
2007-12-18,44.044998,44.631599,43.018501,43.556198,26.625759,34127309
2007-12-19,43.996101,44.827202,43.556198,43.898399,26.834946,23833679
2007-12-20,43.996101,44.387199,42.822899,43.018501,26.297064,12495754
2007-12-21,43.702801,43.996101,41.551899,42.334099,25.878695,27184428
2007-12-24,43.018501,43.898399,42.676300,43.849499,26.805054,12228799
2007-12-25,43.996101,45.462700,43.360600,45.120499,27.582012,11284739
2007-12-26,44.485001,45.169399,44.485001,44.778301,27.372828,7495202
2007-12-27,44.142799,46.244801,44.142799,46.000401,28.119896,21003545
2007-12-28,45.267101,46.147099,44.680500,45.071602,27.552122,15934464
2007-12-31,45.169399,45.364899,43.751701,43.996101,26.894672,22063183
2008-01-02,44.289501,45.267101,43.898399,44.044998,26.924561,22271838
2008-01-03,43.311798,44.093899,43.018501,43.800598,26.775158,13606533
2008-01-04,43.214001,45.804901,42.334099,45.560501,27.850977,36857207
2008-01-07,44.876099,46.929199,44.582802,45.071602,27.552122,54779005
2008-01-08,46.880299,48.200199,45.756001,48.200199,29.464622,59069722
2008-01-09,48.395802,50.742199,47.418098,50.742199,31.018538,51675778
2008-01-10,50.644501,50.644501,49.080101,49.666801,30.361155,26666882
2008-01-11,49.862301,49.960098,47.906898,48.004700,29.345112,17824630
2008-01-14,51.328800,51.328800,50.351101,51.328800,31.377127,65798834
2008-01-15,52.208801,54.848499,51.524399,53.773102,32.871319,74330150
2008-01-16,51.915501,53.479801,50.057800,51.328800,31.377127,31223532
2008-01-17,50.840000,51.817699,48.884602,50.840000,31.078320,23420461
2008-01-18,49.862301,51.328800,48.737900,49.862301,30.480659,33838874
2008-01-21,50.351101,51.133301,49.177898,49.666801,30.361155,23911413
2008-01-22,46.195900,46.489300,46.195900,46.195900,28.239401,22670737
2008-01-23,47.271400,47.271400,42.969601,42.969601,26.267174,32721958
2008-01-24,44.436100,44.680500,42.578499,43.898399,26.834946,20274277
2008-01-25,44.631599,45.267101,44.289501,44.631599,27.283150,18433206
2008-01-28,43.898399,44.338299,42.334099,42.578499,26.028093,15248154
2008-01-29,42.627399,43.311798,40.280899,41.258598,25.221243,29613618
2008-01-30,41.796299,41.796299,40.280899,40.574200,24.802874,24211099
2008-01-31,40.574200,41.209702,39.205399,40.867500,24.982166,31078292
2008-02-01,41.209702,43.702801,41.209702,43.702801,26.715378,29332343
2008-02-12,43.996101,46.733700,43.996101,46.733700,28.568155,30517788
2008-02-13,48.395802,48.395802,45.267101,45.560501,27.850977,30666096
2008-02-14,46.538101,46.831501,45.609299,46.440399,28.388863,18082380
2008-02-15,46.049301,46.244801,44.778301,45.560501,27.850977,11828877
2008-02-18,46.440399,47.418098,46.440399,46.684799,28.538263,18474119
2008-02-19,47.418098,49.862301,47.027000,49.275700,30.122070,29687261
2008-02-20,49.373501,50.351101,47.662498,47.662498,29.135925,26636198
2008-02-21,48.640202,49.666801,47.906898,49.666801,30.361155,19047919
2008-02-22,48.982399,49.666801,48.346901,49.373501,30.181860,14932104
2008-02-25,50.351101,52.795399,49.960098,52.795399,32.273651,29126757
2008-02-26,53.773102,54.848499,52.990898,53.382000,32.632240,33142336
2008-02-27,54.555199,55.728500,53.186501,54.359699,33.229904,30996466
2008-02-29,53.479801,55.532902,52.893101,53.773102,32.871319,24266331
2008-03-03,52.502102,54.750801,51.817699,54.750801,33.468979,21966016
2008-03-04,54.750801,56.901699,54.750801,56.706100,34.664249,32560353
2008-03-05,56.706100,56.901699,55.532902,56.315102,34.425236,18783010
2008-03-06,56.706100,57.195000,55.826199,56.706100,34.664249,25088676
2008-03-07,55.826199,56.021801,53.773102,54.164101,33.110332,24410548
2008-03-10,54.750801,55.141800,50.840000,51.328800,31.377127,33744775
2008-03-11,50.840000,54.066399,50.840000,54.066399,33.050610,14489224
2008-03-12,55.826199,55.924000,52.893101,53.577499,32.751747,14365463
2008-03-13,53.577499,54.164101,51.328800,51.524399,31.496698,13703701
2008-03-14,52.306499,53.284199,50.644501,51.719898,31.616196,12189932
2008-03-17,50.057800,52.111000,48.982399,51.328800,31.377127,24048471
2008-03-18,51.328800,51.622101,49.764500,50.057800,30.600166,19102128
2008-03-19,51.328800,52.013199,50.840000,51.426601,31.436913,16483717
2008-03-20,51.035500,52.599800,51.035500,52.502102,32.094360,21340052
2008-03-21,53.382000,55.924000,53.088699,55.532902,33.947079,30106615
2008-03-24,59.345901,59.345901,57.390499,59.248100,36.218170,51492694
2008-03-25,59.150398,59.150398,56.217300,56.706100,34.664249,26279235
2008-03-26,57.195000,57.195000,55.630699,56.901699,34.783821,19154292
2008-03-27,56.901699,57.390499,54.555199,55.728500,34.066643,15725810
2008-03-28,55.728500,57.195000,54.750801,56.412800,34.484955,24712279
2008-03-31,56.510601,57.586102,55.630699,57.586102,35.202190,17139343
2008-04-01,57.781601,57.977100,55.044102,55.044102,33.648273,14245794
2008-04-02,56.021801,56.021801,54.457500,54.848499,33.528702,13441860
2008-04-03,53.382000,56.021801,51.426601,56.021801,34.245937,21953742
2008-04-07,53.870800,55.044102,53.675301,54.750801,33.468979,17531082
2008-04-08,54.750801,54.750801,52.111000,52.795399,32.273651,21483246
2008-04-09,52.306499,53.968601,52.306499,52.697601,32.213867,17639500
2008-04-10,52.599800,53.675301,52.599800,53.675301,32.811531,9291269
2008-04-11,54.164101,54.164101,52.599800,53.284199,32.572460,19642176
2008-04-14,53.773102,55.141800,53.479801,55.044102,33.648273,32640133
2008-04-15,56.510601,57.390499,54.555199,57.390499,35.082619,45489782
2008-04-16,58.074902,58.172699,57.195000,57.195000,34.963112,30223217
2008-04-17,58.074902,58.074902,55.239601,55.435101,33.887291,16822270
2008-04-18,55.435101,56.119499,53.968601,54.750801,33.468979,15320774
2008-04-21,54.750801,56.217300,53.186501,53.773102,32.871319,21739973
2008-04-22,53.186501,53.382000,52.111000,52.502102,32.094360,28700242
2008-04-23,52.404301,52.599800,51.328800,51.817699,31.675989,25816921
2008-04-24,51.817699,53.284199,51.817699,52.990898,32.393158,19298509
2008-04-25,53.382000,53.968601,52.599800,52.697601,32.213867,21398352
2008-04-28,52.893101,54.164101,52.697601,53.382000,32.632240,24550674
2008-04-29,52.404301,52.404301,49.666801,49.862301,30.480659,64004813
2008-04-30,48.884602,49.960098,48.346901,48.395802,29.584192,59181209
2008-05-02,48.884602,49.373501,47.955799,48.298000,29.524406,25250281
2008-05-05,48.786800,48.884602,46.733700,46.978100,28.717554,22555158
2008-05-06,47.027000,48.102501,46.440399,47.955799,29.315216,15115188
2008-05-07,48.689098,50.253399,48.346901,49.569000,30.301365,29055160
2008-05-08,49.569000,50.155602,49.080101,49.764500,30.420872,12938634
2008-05-09,49.862301,50.253399,48.982399,48.982399,29.942780,18413773
2008-05-12,48.493500,48.689098,47.222500,47.809101,29.225544,17007399
2008-05-13,50.742199,50.742199,48.884602,49.373501,30.181860,39004100
2008-05-14,49.764500,50.253399,49.177898,49.373501,30.181860,16884661
2008-05-15,50.057800,50.644501,49.764500,50.546700,30.899031,19545008
2008-05-16,50.840000,50.840000,49.960098,50.057800,30.600166,12043669
2008-05-19,50.742199,52.306499,50.546700,52.306499,31.974789,23681280
2008-05-20,52.697601,52.795399,50.644501,51.133301,31.257614,17099453
2008-05-21,50.840000,51.328800,50.155602,50.448898,30.839243,7777500
2008-05-22,49.275700,50.937801,49.080101,50.546700,30.899031,10351930
2008-05-23,50.546700,51.328800,49.569000,49.666801,30.361155,12991820
2008-05-26,50.351101,50.351101,49.569000,49.569000,30.301365,8753267
2008-05-27,49.862301,50.351101,49.471199,49.862301,30.480659,7852165
2008-05-28,49.862301,50.351101,48.689098,48.689098,29.763485,16480649
2008-05-29,48.884602,49.275700,48.395802,48.395802,29.584192,14304094
2008-05-30,49.373501,49.862301,48.249100,49.862301,30.480659,20798982
2008-06-02,49.373501,49.764500,48.689098,49.764500,30.420872,9969396
2008-06-03,48.982399,49.471199,48.591301,48.786800,29.823208,11847288
2008-06-04,49.177898,49.471199,48.982399,48.982399,29.942780,3577814
2008-06-05,49.177898,49.471199,47.906898,49.471199,30.241579,10493079
2008-06-06,49.862301,49.862301,48.884602,48.884602,29.882994,5099765
2008-06-09,47.906898,48.493500,47.906898,48.200199,29.464622,5868923
2008-06-10,48.591301,48.591301,46.929199,46.929199,28.687664,9784266
2008-06-11,46.929199,47.320301,45.804901,46.147099,28.209566,11054605
2008-06-12,43.996101,44.778301,43.996101,44.093899,26.954454,16908186
2008-06-13,45.364899,45.364899,43.996101,44.289501,27.074022,12395518
2008-06-16,45.267101,45.560501,44.778301,45.560501,27.850977,8946579
2008-06-17,45.951500,45.951500,44.191700,44.827202,27.402719,10005195
2008-06-18,45.560501,46.195900,45.120499,45.756001,27.970491,12511096
2008-06-19,45.267101,45.853802,44.876099,44.973801,27.492338,13608579
2008-06-20,45.756001,45.756001,43.018501,43.018501,26.297064,13282300
2008-06-23,42.040798,43.605099,41.649700,43.116199,26.356792,10008263
2008-06-24,43.018501,43.311798,42.529598,42.529598,25.998201,9775061
2008-06-25,41.991901,42.529598,40.574200,41.405300,25.310925,23274199
2008-06-26,41.258598,41.258598,40.623100,41.063099,25.101736,22151146
2008-06-27,38.325500,40.085400,38.325500,39.743198,24.294886,17907478
2008-06-30,39.987598,40.476501,39.743198,40.085400,24.504072,13033756
2008-07-01,41.014198,41.014198,39.596500,39.792099,24.324780,8503700
2008-07-02,40.085400,40.378700,38.814400,38.814400,23.727112,9038633
2008-07-03,37.641201,39.792099,37.152302,39.107700,23.906406,20465543
2008-07-04,40.476501,41.209702,39.596500,40.085400,24.504072,14550593
2008-07-07,40.965302,42.627399,40.769798,42.627399,26.057989,12879310
2008-07-08,42.431801,42.431801,39.645401,39.792099,24.324780,11350199
2008-07-09,40.280899,41.307499,40.085400,40.329800,24.653473,20804096
2008-07-10,39.987598,40.867500,39.401001,40.818600,24.952276,13531868
2008-07-11,40.818600,41.698601,40.085400,41.649700,25.460321,8861686
2008-07-14,41.698601,41.845200,40.965302,41.063099,25.101736,7283479
2008-07-15,40.867500,41.063099,38.618801,38.618801,23.607544,9280018
2008-07-16,37.641201,38.618801,35.930199,36.125702,22.083519,21370736
2008-07-17,36.761200,37.152302,36.174599,36.565701,22.352489,16281199
2008-07-18,37.152302,37.347801,34.219200,34.708099,21.216946,12411883
2008-07-21,35.783501,36.761200,35.783501,35.930199,21.964010,17882931
2008-07-22,35.392399,38.178902,35.392399,38.081100,23.278851,18385134
2008-07-23,39.596500,40.720901,39.009899,40.720901,24.892550,18566172
2008-07-24,41.845200,42.187401,40.085400,41.551899,25.400536,23510469
2008-07-25,39.597500,40.091202,38.511299,39.794998,25.480114,27984675
2008-07-28,39.794998,39.794998,39.794998,39.794998,25.480114,0
2008-07-29,39.301300,39.498798,38.610001,39.005001,24.974297,15096170
2008-07-30,39.498798,40.387501,39.005001,39.498798,25.290466,18792488
2008-07-31,40.288700,40.387501,38.215000,38.807499,24.847836,14000439
2008-08-01,38.313801,39.202499,38.017601,38.906300,24.911098,6837683
2008-08-04,39.498798,39.548100,38.610001,38.659401,24.753012,8498494
2008-08-05,38.659401,38.708801,35.993301,35.993301,23.045954,23323263
2008-08-06,36.289501,36.684502,33.623299,35.203300,22.540125,25122814
2008-08-07,35.351398,35.647598,33.475201,33.475201,21.433647,33243575
2008-08-08,32.882702,34.462700,32.882702,34.067699,21.813017,21812330
2008-08-11,34.660198,35.153900,34.067699,34.314499,21.971041,11748217
2008-08-12,33.870201,34.067699,31.944599,32.586498,20.864626,41063567
2008-08-13,32.092701,32.685200,31.993999,32.487701,20.801367,25703085
2008-08-14,32.438400,33.425800,32.438400,33.179001,21.243998,21514599
2008-08-15,33.475201,34.166401,33.080200,33.080200,21.180735,21172310
2008-08-18,33.179001,33.376400,30.809000,30.809000,19.726522,25258514
2008-08-19,29.624100,30.019100,29.229099,29.969700,19.189131,18453237
2008-08-20,29.722799,31.154600,29.426600,31.105301,19.916239,19726189
2008-08-21,31.105301,31.697800,30.611500,30.611500,19.600069,15287568
2008-08-22,30.710300,31.253401,29.673401,30.068399,19.252327,13151805
2008-08-25,30.315300,32.142101,30.265900,32.142101,20.580086,20977873
2008-08-26,32.092701,32.092701,30.809000,31.204000,19.979435,17438522
2008-08-27,31.204000,32.537102,30.809000,31.993999,20.485258,15787837
2008-08-28,31.993999,32.290199,29.821600,30.068399,19.252327,29808530
2008-08-29,30.611500,30.858400,30.265900,30.710300,19.663328,14724513
2008-09-01,30.364700,31.105301,29.920300,30.957100,19.821346,13770559
2008-09-02,31.401501,31.500299,30.463400,30.710300,19.663328,16844073
2008-09-03,31.055901,31.302799,29.229099,30.117800,19.283958,20494820
2008-09-04,29.624100,30.364700,28.537800,28.537800,18.272308,13620681
2008-09-05,27.352900,27.846600,26.562901,27.155399,17.387178,23240223
2008-09-08,28.142900,28.439100,27.649099,28.044100,17.956200,36683683
2008-09-09,27.451599,27.451599,26.118601,26.118601,16.723331,24342030
2008-09-10,25.476700,26.513500,25.476700,26.167900,16.754898,22206266
2008-09-11,26.661699,26.957899,24.341101,24.341101,15.585228,49381802
2008-09-12,24.489201,24.834900,23.007999,23.748600,15.205857,35390477
2008-09-15,23.205500,23.205500,22.119301,22.119301,14.162642,30451588
2008-09-16,20.736900,20.885000,20.588699,20.638100,13.214252,32035435
2008-09-17,21.526800,21.823099,19.206301,19.798700,12.676800,51598581
2008-09-18,19.156900,19.255600,18.564400,19.255600,12.329061,43243888
2008-09-19,20.490000,20.588699,19.996300,20.588699,13.182626,31689095
2008-09-22,21.724300,22.020599,21.280001,22.020599,14.099445,44963436
2008-09-23,21.378700,23.501801,21.378700,23.452400,15.016205,39558709
2008-09-24,23.106800,23.452400,22.366199,22.711800,14.542010,26501085
2008-09-25,21.823099,22.218100,21.131800,21.131800,13.530361,40258478
2008-09-26,21.131800,21.428101,19.700001,19.700001,12.613603,42714252
2008-09-29,19.700001,19.700001,19.700001,19.700001,12.613603,0
2008-09-30,18.366899,18.564400,18.366899,18.416300,11.791669,34653239
2008-10-01,18.712500,18.959400,18.416300,18.712500,11.981322,26785651
2008-10-02,18.663200,19.354401,18.663200,18.910000,12.107780,22948568
2008-10-03,18.465700,20.094999,18.465700,20.045601,12.834885,19010217
2008-10-06,19.354401,19.749399,18.910000,19.107500,12.234235,16134177
2008-10-07,18.564400,19.354401,18.465700,19.058100,12.202604,16304309
2008-10-08,18.663200,18.761900,17.774401,17.971901,11.507128,23204779
2008-10-09,17.971901,18.514999,17.774401,17.774401,11.380671,13204465
2008-10-13,17.181999,17.280701,17.181999,17.181999,11.001367,11550742
2008-10-14,18.366899,18.366899,18.218800,18.366899,11.760038,21844736
2008-10-15,18.366899,18.366899,17.725100,17.725100,11.349105,17459788
2008-10-16,17.132601,17.132601,17.132601,17.132601,10.969738,5270039
2008-10-17,16.688200,16.787001,16.540100,16.540100,10.590367,18166646
2008-10-20,15.997000,16.540100,15.997000,16.342600,10.463912,12249498
2008-10-21,16.490700,16.984501,15.898200,16.342600,10.463912,16906860
2008-10-22,16.194500,16.589500,15.799500,16.095699,10.305824,15989362
2008-10-23,15.552600,15.602000,15.552600,15.552600,9.958088,6077153
2008-10-24,15.009500,15.207000,15.009500,15.009500,9.610349,4857874
2008-10-27,13.972700,15.009500,13.972700,15.009500,9.610349,17460801
2008-10-28,14.219600,15.404500,13.972700,15.058900,9.641979,23663527
2008-10-29,15.997000,15.997000,14.022100,14.713300,9.420697,26634760
2008-10-30,14.417100,15.700800,14.120800,15.651400,10.021348,27678843
2008-10-31,15.651400,16.737600,15.305800,16.737600,10.716824,27059077
2008-11-03,16.787001,17.873199,16.243900,17.774401,11.380671,29312312
2008-11-04,17.725100,17.971901,16.688200,17.774401,11.380671,19051737
2008-11-05,17.971901,18.860701,17.577000,18.613800,11.918125,37326741
2008-11-06,17.774401,17.774401,17.330099,17.330099,11.096193,23571372
2008-11-07,16.145100,17.873199,16.145100,17.330099,11.096193,19992526
2008-11-10,18.218800,18.514999,17.774401,18.514999,11.854865,22082718
2008-11-11,18.959400,19.798700,18.959400,19.798700,12.676800,68845704
2008-11-12,19.749399,20.539400,19.107500,19.946899,12.771690,40669630
2008-11-13,19.749399,20.440599,18.761900,20.144400,12.898147,35598079
2008-11-14,20.539400,21.526800,20.490000,21.131800,13.530361,34552983
2008-11-17,21.329300,22.563700,21.329300,22.563700,14.447185,36714063
2008-11-18,22.563700,22.613001,21.033100,21.033100,13.467167,40871156
2008-11-19,20.885000,21.181200,19.848101,21.033100,13.467167,31622257940
2008-11-20,20.144400,21.823099,20.045601,20.934299,13.403905,26512224200
2008-11-21,20.736900,22.366199,20.539400,22.316799,14.289100,24413930520
2008-11-24,22.316799,23.847401,22.316799,23.798000,15.237489,45474844
2008-11-25,24.143600,24.242399,22.218100,22.711800,14.542010,36203668
2008-11-26,22.909300,23.551100,22.859900,23.007999,14.731661,19642135
2008-11-27,23.600500,24.538601,23.600500,24.193001,15.490404,33012681
2008-11-28,24.193001,24.983000,24.044901,24.390499,15.616856,26801854
2008-12-01,24.390499,24.884199,23.995501,24.291700,15.553596,30639949
2008-12-02,23.106800,24.390499,23.057400,24.242399,15.522030,26906161
2008-12-03,24.242399,24.933599,23.946100,24.390499,15.616856,31142243
2008-12-04,24.538601,24.587999,23.649900,24.341101,15.585228,32712925070
2008-12-05,23.699301,24.143600,23.007999,24.094200,15.427138,18781349
2008-12-08,24.094200,24.538601,23.748600,24.193001,15.490404,31591877
2008-12-09,24.193001,24.884199,23.896700,24.242399,15.522030,38174362
2008-12-10,24.242399,25.575500,24.193001,25.131100,16.091051,44077332
2008-12-11,25.476700,25.476700,24.291700,24.390499,15.616856,17666377
2008-12-12,23.995501,24.884199,22.909300,23.896700,15.300685,23988601
2008-12-15,24.390499,25.526100,24.390499,25.476700,16.312334,38250314
2008-12-16,25.476700,25.970400,25.279200,25.476700,16.312334,27491495
2008-12-17,25.674200,26.809799,25.674200,26.414801,16.912985,34460828
2008-12-18,26.760401,27.797300,26.760401,27.056700,17.323980,12422668
2008-12-19,27.352900,27.352900,27.352900,27.352900,17.513636,19192500880
2008-12-22,28.044100,28.340401,25.476700,25.476700,16.312334,38313101
2008-12-23,24.736099,25.180500,23.699301,23.748600,15.205857,27769985
2008-12-24,22.909300,24.785500,22.909300,24.736099,15.838140,22452350
2008-12-25,24.834900,24.884199,24.291700,24.489201,15.680054,9072690
2008-12-26,24.242399,25.229799,24.242399,24.736099,15.838140,11857587
2008-12-29,24.736099,25.081699,24.489201,24.736099,15.838140,8871164
2008-12-30,25.131100,26.464199,25.131100,26.316000,16.849726,18408679
2008-12-31,26.661699,26.661699,26.019800,26.612301,17.039442,12956356
2009-01-02,26.612301,26.612301,26.612301,26.612301,17.039442,0
2009-01-05,27.649099,27.747900,27.056700,27.303499,17.482004,20647736
2009-01-06,27.451599,27.649099,26.809799,27.106001,17.355549,18453237
2009-01-07,27.599800,27.994699,26.859200,27.747900,17.766548,23973410
2009-01-08,26.809799,27.204800,26.167900,26.859200,17.197527,21589538
2009-01-09,27.007299,27.599800,26.167900,26.167900,16.754898,25734478
2009-01-12,25.476700,25.970400,24.637400,24.686701,15.806512,21238135
2009-01-13,24.489201,24.489201,23.551100,23.995501,15.363946,38304999
2009-01-14,24.242399,25.081699,24.143600,25.032301,16.027794,26236773
2009-01-15,24.044901,24.439899,23.896700,23.995501,15.363946,25152182
2009-01-16,24.341101,24.390499,23.798000,24.094200,15.427138,13781698
2009-01-19,24.193001,24.291700,23.600500,23.748600,15.205857,22764259
2009-01-20,23.551100,23.551100,22.119301,22.119301,14.162642,36481145
2009-01-21,21.625601,22.464899,21.625601,22.069901,14.131012,28937617
2009-02-02,22.168699,23.600500,22.119301,23.600500,15.111032,28468741
2009-02-03,24.044901,25.229799,24.044901,25.229799,16.154245,49286610
2009-02-04,25.970400,26.069201,25.328600,25.970400,16.628441,36792040
2009-02-05,25.871700,26.167900,25.279200,25.674200,16.438789,24960783
2009-02-06,26.167900,26.661699,25.871700,26.562901,17.007811,28988251
2009-02-09,27.056700,27.550400,25.871700,25.871700,16.565248,20761158
2009-02-10,25.674200,26.365400,25.674200,26.118601,16.723331,14397414
2009-02-11,25.476700,26.760401,25.427299,26.661699,17.071070,19736315
2009-02-12,27.056700,27.056700,25.476700,25.723600,16.470423,17256238
2009-02-13,25.378000,27.056700,25.378000,26.957899,17.260723,20613305
2009-02-16,26.859200,27.402300,26.464199,27.007299,17.292353,14329564
2009-02-17,27.007299,27.402300,26.118601,26.365400,16.881353,21236109
2009-02-18,26.266701,26.711000,26.019800,26.069201,16.691704,26105123
2009-02-19,26.069201,26.562901,25.378000,26.562901,17.007811,18113986
2009-02-20,25.723600,26.118601,25.378000,25.378000,16.249140,22198165
2009-02-23,25.427299,26.069201,25.279200,26.069201,16.691704,14515898
2009-02-24,25.674200,25.871700,25.476700,25.772900,16.501986,9920311
2009-02-25,25.921101,26.661699,25.871700,25.871700,16.565248,16485581
2009-02-26,26.562901,26.562901,25.723600,26.019800,16.660074,10792237
2009-02-27,25.723600,25.970400,25.526100,25.871700,16.565248,12069239
2009-03-02,25.624800,25.674200,24.242399,24.686701,15.806512,24659002
2009-03-03,24.390499,25.081699,24.242399,24.983000,15.996225,16354944
2009-03-04,25.378000,26.167900,25.131100,25.970400,16.628441,22948568
2009-03-05,26.661699,27.451599,26.661699,27.056700,17.323980,35526178
2009-03-06,26.760401,27.303499,26.513500,26.661699,17.071070,18127151
2009-03-09,26.859200,27.155399,26.266701,26.612301,17.039442,22948568
2009-03-10,26.562901,26.908501,26.316000,26.562901,17.007811,14053099
2009-03-11,27.155399,27.303499,26.562901,26.859200,17.197527,30502223
2009-03-12,26.859200,27.303499,26.464199,26.562901,17.007811,14307284
2009-03-13,26.957899,27.599800,26.661699,27.352900,17.513636,30752357
2009-03-16,27.599800,28.982201,27.599800,28.439100,18.209110,31263766
2009-03-17,28.735300,29.031601,28.192200,28.340401,18.145916,26811980
2009-03-18,28.636600,28.636600,27.846600,27.945400,17.893003,17572197
2009-03-19,28.241600,28.686001,27.649099,27.649099,17.703287,14772109
2009-03-20,27.747900,28.093500,26.908501,27.204800,17.418808,14118924
2009-03-23,27.500999,28.142900,27.402300,28.142900,18.019459,14635396
2009-03-24,28.982201,29.426600,28.587200,29.327801,18.778131,29083444
2009-03-25,29.229099,29.574699,28.636600,29.426600,18.841394,17752456
2009-03-26,29.574699,30.068399,28.636600,28.784700,18.430393,27687957
2009-03-27,29.130301,29.130301,28.142900,28.439100,18.209110,19912523
2009-03-30,28.142900,28.192200,26.661699,27.204800,17.418808,17452699
2009-03-31,27.204800,27.994699,27.204800,27.599800,17.671721,13145729
2009-04-02,29.722799,30.117800,29.080999,29.870899,19.125872,39167811
2009-04-03,30.562201,31.204000,30.167200,30.660900,19.631695,33650676
2009-04-06,31.105301,31.599001,30.611500,30.809000,19.726522,15849611
2009-04-07,30.019100,30.611500,30.019100,30.315300,19.410414,13912335
2009-04-08,30.315300,30.759701,29.673401,29.722799,19.031046,21225982
2009-04-09,30.611500,31.796499,30.167200,31.697800,20.295609,29851063
2009-04-10,32.389000,33.574001,32.142101,33.524601,21.465279,30918438
2009-04-13,33.722099,34.758900,33.277699,33.968899,21.749756,18053225
2009-04-14,33.574001,34.166401,32.833302,34.166401,21.876213,15893157
2009-04-15,34.067699,34.067699,33.574001,34.067699,21.813017,15483017
2009-04-16,35.055099,35.499500,34.166401,35.055099,22.445232,15675429
2009-04-17,35.055099,35.055099,32.635799,32.635799,20.896196,24799765
2009-04-20,32.191502,32.586498,30.611500,31.845900,20.390430,20450262
2009-04-21,31.105301,33.179001,31.105301,33.129601,21.212366,18522100
2009-04-22,32.932098,33.919601,32.635799,33.574001,21.496912,17056738
2009-04-23,33.574001,33.820801,32.734600,33.030800,21.149105,11517323
2009-04-24,33.030800,33.722099,31.648399,32.339600,20.706543,20821919
2009-04-27,32.438400,32.882702,30.117800,31.401501,20.105894,19143892
2009-04-28,31.599001,31.993999,29.327801,29.525299,18.904589,21757645
2009-04-29,29.624100,30.068399,28.636600,29.179701,18.683306,30521464
2009-04-30,31.204000,31.204000,30.414000,31.204000,19.979435,27057051
2009-05-04,33.376400,33.376400,33.376400,33.376400,21.370390,12832808
2009-05-05,35.696999,35.696999,33.870201,35.548901,22.761406,54263981
2009-05-06,35.647598,36.042599,34.561401,36.042599,23.077511,46060179
2009-05-07,35.055099,35.252602,33.574001,34.265202,21.939476,37953596
2009-05-08,33.820801,35.005798,33.179001,33.820801,21.654930,30452601
2009-05-11,33.820801,34.808300,33.376400,34.660198,22.192387,19586437
2009-05-12,34.067699,34.363899,32.784000,33.475201,21.433647,17944867
2009-05-13,33.080200,33.672699,32.487701,32.586498,20.864626,26897046
2009-05-14,32.043400,32.043400,31.105301,31.204000,19.979435,25165347
2009-05-15,31.796499,32.438400,31.599001,32.142101,20.580086,22933378
2009-05-18,32.389000,33.574001,32.240898,33.574001,21.496912,25224083
2009-05-19,34.561401,34.610802,32.833302,32.833302,21.022652,19622894
2009-05-20,32.932098,33.179001,31.895300,32.438400,20.769800,23417444
2009-05-21,31.697800,32.833302,31.648399,32.833302,21.022652,16873441
2009-05-22,32.389000,33.080200,32.092701,32.487701,20.801367,15106297
2009-05-25,33.376400,33.376400,32.487701,32.784000,20.991081,17668402
2009-05-26,33.080200,33.475201,31.895300,32.290199,20.674910,20893820
2009-05-27,32.981499,33.870201,32.586498,33.574001,21.496912,26914262
2009-06-01,34.265202,34.512001,33.623299,34.067699,21.813017,24437222
2009-06-02,34.363899,34.462700,33.179001,33.574001,21.496912,18837047
2009-06-03,33.475201,33.475201,32.092701,32.191502,20.611717,33608143
2009-06-04,32.290199,32.586498,31.302799,31.599001,20.232347,23863027
2009-06-05,31.599001,31.845900,31.154600,31.302799,20.042696,20336841
2009-06-08,31.944599,32.043400,30.710300,30.809000,19.726522,16264814
2009-06-09,30.414000,30.660900,29.229099,29.476000,18.873022,27113762
2009-06-10,29.525299,30.019100,29.327801,29.772200,19.062677,17487131
2009-06-11,30.019100,31.747101,29.426600,31.747101,20.327175,22907048
2009-06-12,32.092701,32.586498,31.154600,31.747101,20.327175,40011382
2009-06-15,31.253401,31.599001,30.117800,30.167200,19.315590,20516087
2009-06-16,30.216600,30.858400,29.525299,29.722799,19.031046,15922525
2009-06-17,29.722799,30.265900,29.624100,29.722799,19.031046,8775972
2009-06-18,30.117800,30.315300,29.031601,29.229099,18.714937,11669227
2009-06-19,29.426600,29.821600,29.327801,29.821600,19.094305,11839359
2009-06-22,29.870899,30.117800,29.327801,29.969700,19.189131,8679766
2009-06-23,29.525299,29.574699,28.636600,28.834101,18.462027,19128701
2009-06-24,28.883499,30.809000,28.735300,30.265900,19.378784,34998566
2009-06-25,30.858400,32.290199,30.611500,32.092701,20.548454,42511714
2009-06-26,32.389000,32.586498,31.697800,31.895300,20.422062,25683844
2009-06-29,32.092701,32.092701,31.105301,31.105301,19.916239,11330988
2009-06-30,31.599001,31.895300,30.611500,31.006500,19.852980,9763344
2009-07-01,31.055901,31.747101,30.809000,31.302799,20.042696,12892556
2009-07-02,31.599001,32.092701,31.302799,31.796499,20.358805,13593338
2009-07-03,31.105301,31.697800,31.105301,31.599001,20.232347,6912622
2009-07-06,31.599001,32.240898,31.500299,31.796499,20.358805,10283867
2009-07-07,31.599001,32.635799,31.599001,32.240898,20.643347,17956006
2009-07-08,32.191502,32.191502,31.105301,31.253401,20.011063,18602103
2009-07-09,31.204000,31.895300,31.204000,31.599001,20.232347,10072215
2009-07-10,31.648399,32.635799,31.648399,32.487701,20.801367,24120250
2009-07-13,32.981499,33.080200,31.105301,31.105301,19.916239,19421369
2009-07-14,31.204000,31.549601,31.105301,31.204000,19.979435,11478841
2009-07-15,31.500299,32.339600,31.500299,32.290199,20.674910,15223769
2009-07-16,32.784000,32.981499,31.697800,31.895300,20.422062,13050536
2009-07-17,32.092701,32.438400,31.500299,32.389000,20.738171,12580648
2009-07-20,32.487701,32.635799,31.895300,32.339600,20.706543,9727900
2009-07-21,32.586498,32.932098,32.339600,32.339600,20.706543,17407128
2009-07-22,32.487701,32.784000,32.339600,32.635799,20.896196,10037783
2009-07-23,32.981499,34.561401,32.784000,34.462700,22.065931,48600006
2009-07-24,34.561401,34.857700,33.870201,33.919601,21.718191,27621120
2009-07-27,33.870201,34.561401,33.327099,34.166401,21.876213,13008003
2009-07-28,34.265202,34.561401,34.166401,34.314499,21.971041,17914486
2009-07-29,34.413300,34.462700,33.722099,34.018299,21.781384,12547229
2009-07-30,34.363899,34.512001,33.870201,34.363899,22.002670,18632483
2009-07-31,34.758900,34.758900,33.327099,34.314499,21.971041,19270478
2009-08-03,33.623299,34.758900,33.623299,34.363899,22.002670,17698783
2009-08-04,34.907001,36.240101,34.907001,35.351398,22.634949,41299524
2009-08-05,35.943901,37.030102,35.499500,36.289501,23.235601,34308925
2009-08-06,36.832600,36.832600,34.758900,36.733799,23.520077,43863655
2009-08-07,36.733799,36.733799,36.733799,36.733799,23.520077,0
2009-08-10,39.301300,39.301300,37.523800,37.820099,24.215618,32562034
2009-08-11,38.017601,38.116299,36.783199,37.425098,23.962708,18045123
2009-08-12,37.425098,37.523800,36.536400,36.635101,23.456882,8719261
2009-08-13,36.536400,37.128799,36.190701,36.536400,23.393690,18467415
2009-08-14,36.536400,37.721298,36.437599,37.721298,24.152363,31063253
2009-08-17,36.733799,36.931301,35.548901,35.548901,23.586790,30354370
2009-08-18,35.252602,36.042599,34.561401,34.956402,23.193665,17596501
2009-08-19,35.055099,35.351398,34.215801,34.215801,22.702274,14571596
2009-08-20,34.215801,34.363899,33.080200,34.166401,22.669500,14581723
2009-08-21,34.265202,34.512001,32.586498,32.685200,21.686718,23919738
2009-08-24,33.425800,34.561401,33.129601,34.166401,22.669500,19175285
2009-08-25,34.166401,34.462700,33.820801,34.265202,22.735052,11280354
2009-08-26,34.265202,34.413300,32.981499,33.672699,22.341925,10948192
2009-08-27,33.376400,34.117100,33.228298,33.722099,22.374706,12350767
2009-08-28,34.067699,34.758900,33.870201,34.462700,22.866093,12678879
2009-08-31,34.660198,35.400799,34.215801,35.252602,23.390196,16793438
2009-09-01,34.512001,35.647598,34.512001,35.301998,23.422968,14384249
2009-09-02,34.956402,35.746399,34.857700,35.055099,23.259151,13445485
2009-09-03,35.055099,35.203300,34.512001,35.055099,23.259151,10181585
2009-09-04,35.055099,35.351398,34.709499,34.956402,23.193665,6863000
2009-09-07,35.203300,35.548901,35.005798,35.351398,23.455746,8888380
2009-09-08,35.647598,36.338902,35.153900,35.153900,23.324707,27109711
2009-09-09,35.499500,36.240101,35.351398,35.894501,23.816097,26069679
2009-09-10,37.326302,37.375702,36.240101,36.733799,24.372972,20085693
2009-09-11,36.338902,36.536400,36.042599,36.240101,24.045404,8013416
2009-09-14,35.894501,35.894501,34.857700,35.499500,23.554014,13079904
2009-09-15,35.746399,35.993301,35.153900,35.894501,23.816097,4335326
2009-09-16,35.943901,36.338902,35.252602,35.548901,23.586790,14157406
2009-09-17,35.548901,36.091999,35.203300,35.548901,23.586790,10938065
2009-09-18,35.746399,36.042599,35.252602,36.042599,23.914356,9871702
2009-09-21,36.437599,36.437599,35.450100,36.042599,23.914356,5357130
2009-09-22,36.042599,36.338902,36.042599,36.042599,23.914356,11976072
2009-09-23,36.289501,36.635101,35.450100,35.499500,23.554014,7533401
2009-09-24,35.647598,36.240101,35.252602,35.548901,23.586790,14874391
2009-09-25,35.548901,35.548901,34.808300,35.055099,23.259151,10291968
2009-09-28,34.758900,35.301998,34.709499,34.758900,23.062624,8533939
2009-09-29,34.956402,35.351398,34.907001,35.252602,23.390196,6405264
2009-09-30,35.252602,35.845100,35.055099,35.647598,23.652277,8197726
2009-10-01,36.042599,36.733799,36.042599,36.733799,24.372972,19281618
2009-10-02,36.536400,37.227600,36.091999,36.536400,24.242001,19698846
2009-10-05,36.536400,36.635101,35.548901,35.943901,23.848875,11520361
2009-10-06,36.338902,36.487000,35.894501,36.141399,23.979916,10387161
2009-10-07,36.684502,37.030102,36.240101,37.030102,24.569572,11437321
2009-10-08,37.326302,37.326302,36.141399,36.141399,23.979916,11665176
2009-10-09,36.487000,36.980701,36.190701,36.733799,24.372972,7616441
2009-10-12,36.042599,36.931301,36.042599,36.733799,24.372972,7304533
2009-10-13,36.042599,36.338902,35.548901,35.943901,23.848875,16422794
2009-10-14,35.746399,36.190701,35.746399,36.190701,24.012627,10610966
2009-10-15,36.240101,36.437599,35.845100,36.240101,24.045404,5933351
2009-10-16,36.437599,36.684502,36.190701,36.388199,24.143669,5741952
2009-10-19,36.684502,36.733799,36.388199,36.733799,24.372972,7419980
2009-10-20,37.721298,37.968201,37.277000,37.277000,24.733391,15403015
2009-10-21,37.474400,37.474400,37.030102,37.178200,24.667833,7079716
2009-10-22,37.128799,37.128799,35.943901,36.042599,23.914356,13161932
2009-10-23,36.042599,36.338902,35.943901,36.042599,23.914356,7183010
2009-10-26,36.289501,36.832600,36.141399,36.338902,24.110958,5316623
2009-10-27,36.141399,36.141399,35.301998,35.450100,23.521235,12103671
2009-10-28,35.400799,35.450100,34.363899,34.561401,22.931583,23469091
2009-10-29,34.067699,34.117100,33.080200,34.018299,22.571232,15723025
2009-10-30,34.561401,34.561401,33.574001,33.574001,22.276440,6104495
2009-11-02,33.179001,33.524601,32.635799,33.179001,22.014355,10771984
2009-11-03,33.179001,33.870201,32.784000,33.425800,22.178108,10404377
2009-11-04,33.425800,34.363899,33.425800,34.314499,22.767763,9551692
2009-11-05,34.215801,34.314499,33.870201,33.919601,22.505745,6112597
2009-11-06,34.265202,34.808300,34.215801,34.462700,22.866093,8052911
2009-11-09,35.005798,35.301998,34.709499,34.758900,23.062624,11334026
2009-11-10,35.055099,35.647598,35.055099,35.351398,23.455746,10739577
2009-11-11,35.351398,35.795700,35.104500,35.647598,23.652277,7251873
2009-11-12,35.696999,35.845100,35.055099,35.351398,23.455746,7587073
2009-11-13,35.351398,35.598301,35.104500,35.548901,23.586790,4084179
2009-11-16,35.548901,35.746399,35.351398,35.746399,23.717833,8386086
2009-11-17,36.042599,36.141399,35.252602,35.351398,23.455746,8127850
2009-11-18,35.055099,35.598301,35.055099,35.203300,23.357483,4838633
2009-11-19,34.956402,35.055099,34.561401,34.758900,23.062624,13404978
2009-11-20,34.758900,34.956402,34.067699,34.413300,22.833315,14002465
2009-11-23,34.413300,34.610802,34.265202,34.512001,22.898804,4925724
2009-11-24,34.758900,34.857700,34.561401,34.857700,23.128180,3924174
2009-11-25,34.907001,35.055099,34.413300,34.561401,22.931583,8205827
2009-11-26,34.956402,34.956402,34.363899,34.413300,22.833315,9441309
2009-11-27,34.067699,34.117100,33.327099,33.327099,22.112619,16001515
2009-11-30,33.376400,33.672699,33.129601,33.129601,21.981581,12460138
2009-12-01,34.462700,34.462700,33.870201,34.215801,22.702274,13627769
2009-12-02,34.363899,34.462700,33.524601,33.672699,22.341925,23680743
2009-12-03,33.771400,33.870201,33.524601,33.672699,22.341925,9277253
2009-12-04,33.574001,33.623299,33.080200,33.277699,22.079842,16011642
2009-12-07,33.376400,33.623299,33.376400,33.524601,22.243664,9513210
2009-12-08,33.623299,33.870201,33.425800,33.425800,22.178108,10008415
2009-12-09,33.228298,33.574001,33.228298,33.524601,22.243664,7528337
2009-12-10,33.919601,33.919601,32.833302,33.080200,21.948803,24269116
2009-12-11,33.376400,33.672699,33.179001,33.623299,22.309149,9602327
2009-12-14,33.574001,33.968899,33.574001,33.820801,22.440189,8066076
2009-12-15,33.968899,34.166401,33.574001,33.623299,22.309149,12492544
2009-12-16,33.574001,33.623299,33.129601,33.228298,22.047066,12177597
2009-12-17,33.524601,33.524601,32.882702,33.080200,21.948803,12304184
2009-12-18,32.734600,33.376400,32.685200,33.376400,22.145330,9083829
2009-12-21,33.376400,33.524601,33.179001,33.277699,22.079842,6382985
2009-12-22,33.475201,33.475201,33.080200,33.179001,22.014355,9601314
2009-12-23,33.179001,33.228298,32.833302,32.981499,21.883312,10634258
2009-12-24,32.932098,33.327099,32.932098,33.179001,22.014355,17147880
2009-12-25,33.277699,33.277699,33.030800,33.228298,22.047066,7171871
2009-12-28,33.376400,33.870201,33.277699,33.771400,22.407413,21746505
2009-12-29,33.870201,33.919601,33.277699,33.425800,22.178108,10382098
2009-12-30,33.524601,33.672699,33.425800,33.574001,22.276440,10106646
2009-12-31,33.672699,33.820801,33.524601,33.574001,22.276440,10365895
2010-01-04,33.574001,33.968899,33.475201,33.870201,22.472969,8350642
2010-01-05,34.166401,35.351398,34.067699,35.055099,23.259151,48557473
2010-01-06,35.055099,35.943901,34.956402,35.795700,23.750544,36271518
2010-01-07,35.894501,35.943901,35.055099,35.104500,23.291929,14640459
2010-01-08,35.104500,35.351398,34.709499,34.956402,23.193665,10766920
2010-01-11,34.956402,35.351398,34.265202,34.314499,22.767763,18381336
2010-01-12,34.314499,34.808300,33.870201,34.117100,22.636789,16153418
2010-01-13,33.574001,33.820801,33.475201,33.574001,22.276440,24051388
2010-01-14,34.067699,34.067699,33.672699,33.771400,22.407413,8262538
2010-01-15,33.870201,34.018299,33.722099,34.018299,22.571232,7293393
2010-01-18,33.771400,33.968899,33.672699,33.771400,22.407413,5377384
2010-01-19,33.919601,34.314499,33.623299,33.919601,22.505745,9524349
2010-01-20,34.018299,34.067699,33.574001,33.574001,22.276440,6390074
2010-01-21,33.574001,33.722099,33.475201,33.475201,22.210884,6267538
2010-01-22,33.129601,33.228298,31.154600,31.401501,20.834980,52595068
2010-01-25,31.105301,31.648399,30.562201,31.599001,20.966022,21759670
2010-01-26,31.599001,31.796499,29.624100,30.019100,19.917753,32035435
2010-01-27,30.315300,30.315300,29.525299,29.673401,19.688381,21188513
2010-01-28,29.821600,30.562201,29.821600,30.117800,19.983240,11511247
2010-01-29,29.722799,29.722799,28.834101,29.476000,19.557404,22791601
2010-02-01,29.673401,29.969700,29.080999,29.130301,19.328033,21699921
2010-02-02,29.624100,29.821600,28.932800,29.179701,19.360811,13694607
2010-02-03,29.673401,29.920300,29.080999,29.476000,19.557404,8494444
2010-02-04,29.476000,29.673401,29.229099,29.574699,19.622892,3848222
2010-02-05,28.735300,28.834101,28.192200,28.192200,18.705599,12616092
2010-02-08,27.994699,28.142900,27.747900,27.945400,18.541847,6625018
2010-02-09,27.797300,28.834101,27.797300,28.439100,18.869419,7928350
2010-02-10,28.784700,29.476000,28.439100,29.031601,19.262543,17685618
2010-02-22,29.377199,29.870899,29.377199,29.426600,19.524628,11020093
2010-02-23,29.624100,29.870899,29.426600,29.722799,19.721157,9271177
2010-02-24,29.624100,30.167200,29.476000,30.019100,19.917753,9254974
2010-02-25,30.019100,30.019100,28.834101,29.031601,19.262543,14242472
2010-02-26,28.883499,29.377199,28.883499,29.229099,19.393585,7794675
2010-03-01,29.476000,30.117800,29.229099,29.722799,19.721157,9926387
2010-03-02,30.167200,30.167200,29.624100,29.870899,19.819422,8826606
2010-03-03,30.019100,30.364700,29.920300,30.019100,19.917753,9742078
2010-03-04,30.414000,30.710300,29.476000,29.673401,19.688381,13261176
2010-03-05,29.969700,30.216600,29.278500,29.574699,19.622892,13496120
2010-03-08,29.624100,29.821600,29.327801,29.377199,19.491850,14658688
2010-03-09,29.377199,29.525299,29.229099,29.327801,19.459074,7349091
2010-03-10,29.327801,29.377199,29.130301,29.327801,19.459074,10753755
2010-03-11,29.476000,29.525299,29.278500,29.278500,19.426361,7868601
2010-03-12,29.278500,29.327801,28.982201,29.080999,19.295321,6592612
2010-03-15,29.229099,29.821600,28.834101,28.834101,19.131506,10765907
2010-03-16,29.278500,29.278500,28.636600,28.834101,19.131506,6775909
2010-03-17,29.229099,29.327801,28.784700,29.031601,19.262543,15943791
2010-03-18,29.229099,29.278500,28.982201,29.080999,19.295321,21629033
2010-03-19,29.278500,29.476000,29.031601,29.476000,19.557404,12102658
2010-03-22,29.624100,29.624100,28.883499,28.932800,19.196989,10645397
2010-03-23,29.080999,29.130301,28.686001,28.686001,19.033239,11646948
2010-03-24,29.130301,29.426600,28.982201,29.080999,19.295321,14101708
2010-03-25,29.179701,29.327801,28.883499,29.179701,19.360811,10987687
2010-03-26,29.130301,29.278500,28.834101,29.080999,19.295321,14924013
2010-03-29,29.130301,29.624100,29.080999,29.624100,19.655670,20144429
2010-03-30,29.821600,29.821600,29.426600,29.673401,19.688381,13229782
2010-03-31,29.722799,29.722799,29.327801,29.574699,19.622892,10109684
2010-04-01,29.624100,29.772200,29.525299,29.574699,19.622892,27423645
2010-04-02,29.772200,29.870899,29.574699,29.772200,19.753935,12105696
2010-04-06,29.821600,29.870899,29.624100,29.673401,19.688381,12086455
2010-04-07,29.673401,29.821600,29.327801,29.624100,19.655670,11884930
2010-04-08,29.624100,29.772200,29.130301,29.229099,19.393585,17446623
2010-04-09,29.229099,29.426600,29.179701,29.278500,19.426361,5631569
2010-04-12,29.624100,29.772200,29.327801,29.426600,19.524628,15730114
2010-04-13,29.426600,29.624100,29.278500,29.426600,19.524628,6698944
2010-04-14,29.525299,29.624100,29.278500,29.476000,19.557404,7570870
2010-04-15,29.673401,30.019100,29.624100,30.019100,19.917753,21612830
2010-04-16,30.117800,30.167200,29.624100,29.673401,19.688381,17935753
2010-04-19,29.426600,29.476000,28.340401,28.439100,18.869419,21560170
2010-04-20,28.636600,28.735300,28.192200,28.241600,18.738379,19102371
2010-04-21,28.291000,28.537800,27.896000,28.093500,18.640114,24529377
2010-04-22,27.994699,27.994699,27.649099,27.747900,18.410805,20625457
2010-04-23,27.747900,27.846600,27.451599,27.451599,18.214211,26916288
2010-04-26,27.846600,28.488501,27.846600,28.439100,18.869419,19024394
2010-04-27,28.439100,28.439100,27.994699,28.142900,18.672888,10618055
2010-04-28,27.550400,27.994699,27.550400,27.846600,18.476294,15217693
2010-04-29,28.044100,28.044100,27.649099,27.945400,18.541847,9075728
2010-04-30,28.192200,28.291000,27.846600,27.945400,18.541847,10963382
2010-05-03,27.945400,28.093500,27.500999,27.945400,18.541847,12814579
2010-05-04,27.994699,28.093500,27.204800,27.254101,18.083166,22343992
2010-05-05,26.562901,26.562901,25.378000,25.970400,17.231426,46027773
2010-05-06,25.970400,26.069201,25.180500,25.229799,16.740036,26226646
2010-05-07,24.291700,25.081699,24.291700,25.081699,16.641773,16415705
2010-05-10,25.180500,26.760401,25.180500,26.266701,17.428026,24497984
2010-05-11,26.464199,26.711000,25.871700,25.871700,17.165943,15244023
2010-05-12,26.069201,26.266701,25.871700,25.871700,17.165943,6237158
2010-05-13,26.365400,26.661699,26.167900,26.562901,17.624554,9953730
2010-05-14,26.464199,26.562901,26.316000,26.562901,17.624554,3630494
2010-05-17,26.316000,26.365400,25.772900,25.970400,17.231426,7315673
2010-05-18,26.069201,26.217300,25.921101,26.118601,17.329762,5833094
2010-05-19,26.019800,26.760401,25.822300,26.760401,17.755598,10846923
2010-05-20,26.760401,26.859200,26.118601,26.414801,17.526291,12312285
2010-05-21,25.723600,25.822300,25.279200,25.624800,17.002123,12175572
2010-05-24,25.674200,26.464199,25.674200,26.266701,17.428026,7133388
2010-05-25,25.772900,26.019800,25.180500,25.180500,16.707331,11429219
2010-05-26,25.476700,25.970400,25.279200,25.526100,16.936634,14494632
2010-05-27,26.069201,26.760401,25.674200,26.513500,17.591778,11800877
2010-05-28,26.859200,27.007299,26.464199,26.661699,17.690107,10060062
2010-05-31,26.957899,27.007299,26.661699,27.007299,17.919416,7855436
2010-06-01,26.957899,27.106001,26.711000,27.007299,17.919416,7532388
2010-06-02,26.809799,27.007299,26.513500,26.661699,17.690107,6708059
2010-06-03,27.056700,27.056700,26.809799,26.908501,17.853863,6579447
2010-06-04,26.859200,26.957899,26.661699,26.711000,17.722822,3590999
2010-06-07,25.871700,26.513500,25.871700,26.316000,17.460737,5853348
2010-06-08,26.167900,26.661699,26.167900,26.513500,17.591778,3145415
2010-06-09,26.809799,26.809799,26.414801,26.464199,17.559067,6500457
2010-06-10,26.661699,26.711000,26.118601,26.661699,17.690107,5423968
2010-06-11,26.859200,27.106001,26.809799,26.957899,17.886639,7840246
2010-06-14,27.106001,27.155399,26.908501,27.056700,17.952190,7009840
2010-06-15,27.056700,27.303499,26.957899,27.254101,18.083166,9400801
2010-06-17,27.254101,27.451599,27.254101,27.352900,18.148722,9021043
2010-06-18,27.550400,27.649099,27.155399,27.451599,18.214211,14314373
2010-06-21,28.044100,28.241600,27.747900,27.994699,18.574556,15614667
2010-06-22,27.945400,28.142900,27.846600,28.044100,18.607336,8097469
2010-06-23,28.044100,28.044100,27.550400,27.747900,18.410805,6642234
2010-06-24,27.649099,27.747900,27.451599,27.747900,18.410805,4615841
2010-06-25,27.451599,27.451599,27.254101,27.352900,18.148722,6118673
2010-06-28,27.402300,27.550400,27.254101,27.254101,18.083166,5431056
2010-06-29,27.599800,27.896000,27.254101,27.254101,18.083166,10192725
2010-06-30,26.760401,26.957899,26.661699,26.957899,17.886639,8640271
2010-07-01,26.859200,26.859200,26.562901,26.661699,17.690107,5811828
2010-07-02,26.859200,27.303499,26.760401,27.056700,17.952190,6572358
2010-07-05,27.254101,27.945400,26.908501,27.846600,18.476294,8445835
2010-07-06,27.649099,28.686001,27.649099,28.636600,19.000460,18630458
2010-07-07,28.636600,28.636600,28.142900,28.192200,18.705599,7867589
2010-07-08,28.439100,28.587200,28.093500,28.192200,18.705599,7600238
2010-07-09,28.192200,28.636600,28.192200,28.587200,18.967682,12839897
2010-07-12,28.735300,28.834101,28.636600,28.686001,19.033239,11280354
2010-07-13,28.686001,28.784700,28.488501,28.488501,18.902197,17471941
2010-07-14,26.957899,27.402300,26.957899,27.402300,19.407745,26404879
2010-07-15,27.402300,27.402300,27.155399,27.155399,19.232878,9850436
2010-07-16,27.204800,27.500999,26.562901,26.908501,19.058012,24990151
2010-07-19,26.661699,26.957899,26.414801,26.957899,19.093000,11082879
2010-07-20,26.957899,27.303499,26.562901,27.155399,19.232878,8840784
2010-07-21,27.254101,27.303499,26.859200,27.007299,19.127985,5620430
2010-07-22,27.254101,27.896000,27.155399,27.747900,19.652519,20255825
2010-07-23,27.994699,28.340401,27.747900,28.142900,19.932278,15446561
2010-07-26,28.439100,28.439100,27.945400,28.389700,20.107075,10904646
2010-07-27,28.291000,28.439100,27.994699,27.994699,19.827316,4417354
2010-07-28,27.896000,28.389700,27.846600,28.291000,20.037170,11425169
2010-07-29,28.439100,29.130301,28.142900,28.982201,20.526716,23161233
2010-07-30,29.031601,29.870899,29.031601,29.426600,20.841461,41275219
2010-08-02,29.525299,30.117800,29.476000,29.624100,20.981340,28364434
2010-08-03,30.019100,30.019100,29.476000,29.920300,21.191126,17656250
2010-08-04,29.920300,29.969700,29.327801,29.525299,20.911366,15043510
2010-08-05,29.426600,29.574699,28.636600,28.932800,20.491726,15834421
2010-08-06,28.537800,29.476000,28.389700,29.426600,20.841461,22615393
2010-08-09,30.019100,30.117800,29.870899,29.870899,21.156137,27472254
2010-08-10,30.216600,30.710300,30.068399,30.068399,21.296019,25380037
2010-08-11,30.167200,30.315300,29.920300,30.019100,21.261101,13703721
2010-08-12,29.673401,29.870899,29.377199,29.722799,21.051247,7736952
2010-08-13,29.624100,29.722799,28.982201,29.525299,20.911366,19666440
2010-08-16,29.624100,29.624100,28.636600,28.982201,20.526716,23581499
2010-08-17,28.982201,28.982201,28.439100,28.537800,20.211966,19066927
2010-08-18,28.735300,28.883499,28.488501,28.537800,20.211966,13884993
2010-08-19,28.636600,28.735300,28.291000,28.389700,20.107075,10622105
2010-08-20,28.291000,28.587200,28.142900,28.439100,20.142061,11399851
2010-08-23,28.636600,30.019100,28.636600,29.722799,21.051247,33259778
2010-08-24,29.920300,30.216600,29.624100,29.624100,20.981340,31407568
2010-08-25,29.624100,29.624100,28.784700,28.932800,20.491726,16805591
2010-08-26,28.932800,29.229099,28.636600,29.031601,20.561701,11131488
2010-08-27,29.426600,29.426600,29.080999,29.327801,20.771486,6422480
2010-08-30,29.722799,29.772200,28.932800,29.179701,20.666595,8099495
2010-08-31,28.932800,29.179701,28.636600,29.080999,20.596687,8896482
2010-09-01,29.130301,29.722799,29.130301,29.624100,20.981340,14876416
2010-09-02,30.117800,30.710300,30.117800,30.562201,21.645756,37353071
2010-09-03,30.611500,31.401501,30.611500,31.401501,22.240189,42827673
2010-09-06,31.599001,31.796499,31.401501,31.401501,22.240189,24367347
2010-09-07,31.599001,31.599001,30.809000,30.907801,21.890528,11307697
2010-09-08,30.809000,30.809000,30.414000,30.759701,21.785635,8096457
2010-09-09,31.154600,31.154600,30.512800,30.858400,21.855536,8546091
2010-09-10,31.204000,31.747101,31.204000,31.599001,22.380070,26513237
2010-09-13,32.092701,32.537102,32.092701,32.389000,22.939589,20751031
2010-09-14,32.586498,32.586498,32.092701,32.586498,23.079468,16932177
2010-09-15,32.586498,32.586498,31.895300,32.487701,23.009491,12785211
2010-09-16,32.487701,32.586498,31.993999,32.438400,22.974573,8596725
2010-09-17,32.487701,32.537102,32.043400,32.191502,22.799711,8483304
2010-09-20,32.438400,33.228298,32.438400,32.981499,23.359228,17493207
2010-09-21,33.179001,33.376400,32.389000,32.882702,23.289255,11994300
2010-09-23,32.882702,32.882702,31.944599,31.993999,22.659828,9773471
2010-09-24,31.993999,32.191502,31.599001,31.895300,22.589926,12645460
2010-09-27,31.944599,33.179001,31.796499,32.932098,23.324240,21083193
2010-09-28,32.882702,33.524601,32.586498,33.524601,23.743881,22561721
2010-09-29,33.574001,33.672699,32.734600,32.734600,23.184361,19615805
2010-09-30,32.685200,32.981499,32.339600,32.981499,23.359228,7742015
2010-10-01,32.882702,33.129601,32.487701,33.030800,23.394144,6804264
2010-10-04,32.981499,33.327099,32.833302,32.882702,23.289255,9417004
2010-10-05,32.784000,32.882702,32.438400,32.833302,23.254265,7631632
2010-10-06,32.981499,33.672699,32.882702,33.623299,23.813782,21927777
2010-10-07,33.672699,34.758900,33.277699,34.462700,24.408291,28606467
2010-10-08,34.067699,34.314499,33.327099,33.919601,24.023642,26421082
2010-10-11,34.018299,34.363899,33.277699,33.376400,23.638918,14867302
2010-10-12,33.524601,33.574001,32.981499,33.030800,23.394144,10066139
2010-10-13,33.129601,33.475201,32.932098,33.080200,23.429132,14561470
2010-10-14,33.574001,34.067699,33.425800,33.771400,23.918676,15515423
2010-10-15,34.067699,34.067699,33.228298,33.327099,23.603998,5535364
2010-10-18,33.327099,33.425800,32.537102,32.882702,23.289255,7548591
2010-10-19,32.882702,32.882702,32.092701,32.191502,22.799711,7958731
2010-10-20,32.142101,32.537102,32.092701,32.092701,22.729733,10640334
2010-10-21,32.142101,32.685200,31.944599,32.586498,23.079468,7576947
2010-10-22,32.734600,32.882702,32.191502,32.882702,23.289255,9267126
2010-10-25,32.882702,33.228298,32.586498,32.833302,23.254265,7832144
2010-10-26,32.734600,33.080200,32.389000,33.080200,23.429132,9560806
2010-10-27,33.080200,33.129601,32.240898,32.635799,23.114386,10285892
2010-10-28,32.635799,32.981499,32.191502,32.339600,22.904602,11917336
2010-10-29,32.290199,32.290199,31.895300,32.191502,22.799711,9265101
2010-11-01,32.191502,32.734600,32.191502,32.586498,23.079468,8922812
2010-11-02,32.784000,33.080200,32.586498,33.030800,23.394144,7085792
2010-11-03,33.179001,33.771400,33.179001,33.672699,23.848770,16816730
2010-11-04,33.771400,33.968899,33.524601,33.672699,23.848770,10433745
2010-11-05,33.820801,33.870201,33.179001,33.475201,23.708891,8013416
2010-11-08,33.574001,34.018299,33.475201,33.870201,23.988653,11372509
2010-11-09,33.968899,34.067699,33.574001,33.672699,23.848770,3763156
2010-11-10,33.870201,34.067699,33.623299,33.771400,23.918676,6449823
2010-11-11,33.771400,33.870201,33.228298,33.376400,23.638918,5850310
2010-11-12,33.080200,33.179001,32.438400,32.784000,23.219347,16422794
2010-11-15,32.734600,32.734600,31.599001,31.845900,22.554935,11537577
2010-11-16,31.895300,31.993999,31.204000,31.993999,22.659828,16055187
2010-11-17,31.599001,31.944599,31.599001,31.796499,22.519949,4508496
2010-11-18,31.796499,31.993999,31.599001,31.747101,22.484962,4342415
2010-11-19,31.993999,32.043400,31.352100,31.500299,22.310165,10175509
2010-11-22,31.796499,31.993999,31.648399,31.747101,22.484962,5386498
2010-11-23,31.697800,31.796499,31.105301,31.253401,22.135296,11395801
2010-11-24,31.055901,31.204000,30.216600,30.562201,21.645756,15348330
2010-11-25,30.315300,31.055901,30.117800,31.055901,21.995417,12107722
2010-11-26,31.150000,31.200001,30.900000,30.900000,21.885000,9439000
2010-11-29,31.400000,31.400000,30.950001,31.000000,21.955826,7516000
2010-11-30,31.299999,31.500000,31.000000,31.350000,22.203712,12030000
2010-12-01,31.600000,32.200001,31.350000,32.200001,22.805731,15455000
2010-12-02,32.599998,32.650002,31.950001,32.299999,22.876553,12001000
2010-12-03,32.400002,32.400002,31.400000,32.049999,22.699492,10393000
2010-12-06,32.049999,32.099998,31.650000,32.000000,22.664076,12567000
2010-12-07,32.000000,33.299999,31.950001,33.000000,23.372332,29755000
2010-12-08,33.000000,34.049999,32.799999,33.549999,23.761869,36430000
2010-12-09,33.500000,33.549999,32.950001,33.150002,23.478571,14304000
2010-12-10,33.049999,33.299999,33.000000,33.150002,23.478571,6503000
2010-12-13,33.099998,33.349998,33.000000,33.000000,23.372332,7778000
2010-12-14,33.000000,33.150002,32.549999,32.700001,23.159855,10553000
2010-12-15,32.700001,33.000000,32.400002,33.000000,23.372332,6846000
2010-12-16,33.000000,33.000000,32.500000,32.700001,23.159855,8815000
2010-12-17,32.599998,33.049999,32.599998,33.000000,23.372332,7723000
2010-12-20,32.950001,32.950001,32.450001,32.650002,23.124443,5755000
2010-12-21,32.650002,32.799999,32.450001,32.799999,23.230679,4737000
2010-12-22,32.849998,32.950001,32.599998,32.799999,23.230679,5726000
2010-12-23,32.799999,33.750000,32.650002,33.400002,23.655632,17264000
2010-12-24,32.849998,33.000000,32.650002,32.750000,23.195269,18927000
2010-12-27,32.500000,32.700001,32.150002,32.400002,22.947380,14625000
2010-12-28,32.400002,32.450001,32.099998,32.250000,22.841145,7369000
2010-12-29,32.250000,32.450001,32.000000,32.450001,22.982794,8369000
2010-12-30,32.250000,32.599998,32.250000,32.450001,22.982794,8676000
2010-12-31,32.500000,32.900002,32.349998,32.799999,23.230679,12495000
2011-01-03,32.950001,33.400002,32.799999,33.400002,23.655632,17783000
2011-01-04,33.599998,33.650002,33.000000,33.150002,23.478571,10089000
2011-01-05,33.500000,33.599998,32.250000,32.400002,22.947380,17113000
2011-01-06,32.500000,32.599998,32.150002,32.400002,22.947380,7412000
2011-01-07,32.200001,32.500000,32.000000,32.099998,22.734901,9730000
2011-01-10,32.200001,32.450001,32.049999,32.450001,22.982794,8866000
2011-01-11,32.500000,32.750000,32.150002,32.700001,23.159855,9277000
2011-01-12,33.000000,33.200001,32.700001,32.900002,23.301506,14862000
2011-01-13,33.000000,33.200001,32.599998,32.849998,23.266092,11950000
2011-01-14,32.799999,32.900002,32.549999,32.750000,23.195269,10441000
2011-01-17,32.200001,32.500000,31.600000,31.700001,22.451603,15495000
2011-01-18,31.500000,31.500000,31.049999,31.350000,22.203712,14070000
2011-01-19,31.350000,31.900000,31.200001,31.750000,22.487015,16791000
2011-01-20,31.750000,31.799999,31.500000,31.549999,22.345366,7613000
2011-01-21,31.299999,31.700001,31.100000,31.700001,22.451603,9701000
2011-01-24,31.900000,31.900000,31.299999,31.700001,22.451603,5386000
2011-01-25,31.600000,31.850000,31.400000,31.500000,22.309952,8141000
2011-01-26,31.700001,31.799999,31.450001,31.549999,22.345366,6070000
2011-01-27,31.750000,31.900000,31.450001,31.450001,22.274538,12494000
2011-01-28,31.500000,31.750000,31.250000,31.350000,22.203712,12135000
2011-02-08,31.500000,31.500000,30.000000,30.150000,21.353813,34333000
2011-02-09,30.200001,30.400000,29.950001,30.100000,21.318399,20877000
2011-02-10,30.100000,30.250000,29.700001,29.850000,21.141336,22143000
2011-02-11,30.250000,30.250000,29.700001,29.700001,21.035095,16692000
2011-02-14,29.900000,29.900000,29.600000,29.799999,21.105923,16361000
2011-02-15,29.600000,30.400000,29.299999,30.200001,21.389225,21769000
2011-02-16,30.000000,30.299999,29.900000,30.200001,21.389225,15211000
2011-02-17,30.200001,30.200001,29.799999,30.049999,21.282984,9033000
2011-02-18,30.400000,30.450001,30.200001,30.250000,21.424635,10921000
2011-02-21,30.400000,30.850000,30.049999,30.600000,21.672527,14880000
2011-02-22,30.100000,30.200001,29.799999,30.000000,21.247572,15677000
2011-02-23,29.799999,30.100000,29.549999,29.549999,20.928860,12107000
2011-02-24,29.950001,29.950001,29.299999,29.350000,20.787210,13862000
2011-02-25,29.650000,29.650000,29.350000,29.400000,20.822620,7743000
2011-03-01,29.400000,29.600000,29.350000,29.450001,20.858036,15318000
2011-03-02,29.450001,30.299999,29.400000,29.650000,20.999685,15866000
2011-03-03,29.799999,31.250000,29.799999,31.000000,21.955826,17836000
2011-03-04,31.100000,31.400000,31.000000,31.350000,22.203712,18169000
2011-03-07,31.299999,31.350000,30.799999,31.200001,22.097477,7524000
2011-03-08,31.100000,31.650000,31.100000,31.450001,22.274538,13273000
2011-03-09,31.600000,31.650000,31.299999,31.600000,22.380779,7820000
2011-03-10,31.600000,31.600000,31.250000,31.400000,22.239128,4312000
2011-03-11,30.799999,31.200001,30.799999,30.950001,21.920414,4302000
2011-03-14,33.000000,33.000000,31.549999,31.750000,22.487015,23951000
2011-03-15,31.799999,31.950001,29.700001,30.900000,21.885000,15687000
2011-03-16,30.900000,31.450001,30.900000,31.100000,22.026653,17041000
2011-03-17,30.600000,31.650000,30.549999,31.450001,22.274538,9255000
2011-03-18,31.700001,32.200001,31.350000,32.099998,22.734901,18501000
2011-03-21,32.200001,32.500000,31.799999,32.200001,22.805731,10746000
2011-03-22,32.500000,32.500000,32.099998,32.450001,22.982794,12423000
2011-03-23,32.500000,33.900002,32.450001,33.450001,23.691046,42851000
2011-03-24,33.900002,34.099998,33.250000,33.349998,23.620216,22964000
2011-03-25,33.599998,33.849998,33.500000,33.500000,23.726458,20279000
2011-03-28,33.799999,34.349998,33.549999,34.000000,24.080584,31313000
2011-03-29,34.500000,35.750000,34.400002,35.500000,25.142960,49401000
2011-03-30,35.799999,36.099998,35.500000,36.000000,25.497089,38362000
2011-03-31,36.099998,36.200001,35.299999,35.500000,25.142960,24784000
2011-04-01,35.500000,36.400002,35.450001,36.299999,25.709562,23829000
2011-04-06,37.000000,37.000000,35.950001,36.450001,25.815804,32140000
2011-04-07,36.500000,36.549999,35.700001,36.400002,25.780390,24334000
2011-04-08,36.400002,37.799999,36.400002,37.349998,26.453226,38076000
2011-04-11,37.599998,37.599998,36.849998,37.599998,26.630287,15207000
2011-04-12,37.500000,37.500000,36.099998,36.650002,25.957455,24799000
2011-04-13,36.650002,36.900002,36.200001,36.900002,26.134518,21586000
2011-04-14,37.000000,38.299999,36.900002,37.700001,26.701118,29521000
2011-04-15,38.000000,38.000000,37.200001,37.250000,26.382402,18445000
2011-04-18,37.299999,37.599998,37.000000,37.299999,26.417816,18562000
2011-04-19,36.799999,37.650002,36.599998,37.549999,26.594875,19359000
2011-04-20,38.099998,40.150002,38.000000,40.150002,28.436337,47380000
2011-04-21,41.099998,41.400002,39.900002,40.349998,28.577988,33260000
2011-04-22,40.400002,40.400002,39.299999,39.650002,28.082209,15614000
2011-04-25,39.799999,40.400002,39.799999,40.000000,28.330101,10268000
2011-04-26,40.000000,40.950001,39.750000,40.349998,28.577988,17249000
2011-04-27,41.000000,42.900002,40.750000,42.599998,30.171553,39865000
2011-04-28,42.799999,42.900002,41.200001,41.549999,29.427889,28055000
2011-04-29,41.500000,41.950001,40.650002,41.950001,29.711191,25147000
2011-05-03,41.799999,42.099998,39.900002,40.049999,28.365511,33809000
2011-05-04,40.200001,40.849998,39.099998,40.849998,28.932110,22231000
2011-05-05,40.700001,40.700001,39.849998,39.849998,28.223860,28068000
2011-05-06,39.000000,39.349998,38.099998,38.700001,27.409370,33759000
2011-05-09,38.700001,40.200001,38.500000,39.849998,28.223860,38706000
2011-05-10,39.849998,39.900002,39.200001,39.599998,28.046795,12484000
2011-05-11,40.000000,40.400002,39.599998,39.650002,28.082209,18356000
2011-05-12,39.599998,39.849998,39.349998,39.700001,28.117622,9617000
2011-05-13,40.000000,40.799999,39.549999,39.599998,28.046795,16562000
2011-05-16,39.599998,40.299999,39.349998,39.750000,28.153034,15201000
2011-05-17,40.000000,40.000000,39.150002,39.400002,27.905148,12055000
2011-05-18,39.599998,39.599998,38.549999,38.799999,27.480192,22882000
2011-05-19,38.799999,39.299999,38.400002,38.599998,27.338545,28722000
2011-05-20,38.849998,38.849998,38.099998,38.650002,27.373960,11569000
2011-05-23,38.099998,38.450001,37.500000,37.950001,26.878180,14596000
2011-05-24,38.000000,38.299999,37.750000,38.200001,27.055241,15379000
2011-05-25,38.200001,39.099998,37.950001,39.000000,27.621843,12508000
2011-05-26,39.849998,39.849998,39.099998,39.400002,27.905148,11101000
2011-05-27,39.400002,39.700001,39.000000,39.299999,27.834320,13458000
2011-05-30,39.799999,42.049999,39.500000,41.599998,29.463303,42411000
2011-05-31,42.000000,42.000000,41.049999,41.700001,29.534126,21318000
2011-06-01,41.099998,41.849998,41.099998,41.400002,29.321651,16330000
2011-06-02,41.000000,41.849998,41.000000,41.750000,29.569536,10344000
2011-06-03,41.950001,42.000000,41.400002,41.599998,29.463303,5910000
2011-06-07,41.599998,42.099998,41.549999,42.099998,29.817429,7963000
2011-06-08,41.700001,42.099998,41.049999,41.250000,29.215418,9824000
2011-06-09,40.950001,41.150002,39.950001,40.049999,28.365511,13323000
2011-06-10,40.599998,40.750000,39.799999,39.799999,28.188450,10151000
2011-06-13,39.599998,40.299999,39.400002,39.849998,28.223860,7410000
2011-06-14,40.000000,40.750000,39.799999,40.500000,28.684223,7893000
2011-06-15,40.549999,41.799999,40.500000,41.250000,29.215418,26026000
2011-06-16,41.000000,41.500000,40.799999,41.049999,29.073761,10690000
2011-06-17,41.250000,41.450001,40.400002,40.500000,28.684223,9418000
2011-06-20,40.900002,41.450001,40.099998,40.250000,28.507158,8098000
2011-06-21,40.450001,40.799999,39.900002,40.000000,28.330101,11651000
2011-06-22,40.200001,40.450001,39.599998,40.000000,28.330101,13982000
2011-06-23,40.000000,40.849998,39.799999,39.900002,28.259274,17468000
2011-06-24,40.049999,40.450001,39.349998,39.500000,27.975973,19255000
2011-06-27,39.400002,40.450001,39.349998,40.150002,28.436337,17070000
2011-06-28,40.700001,42.000000,40.400002,40.799999,28.896698,28290000
2011-06-29,41.500000,42.200001,41.000000,42.150002,29.852842,26029000
2011-06-30,42.099998,42.799999,42.099998,42.799999,30.313200,18181000
2011-07-01,43.000000,44.599998,42.950001,44.400002,31.446409,25779000
2011-07-04,44.599998,44.849998,43.750000,44.799999,31.729715,16418000
2011-07-05,44.799999,45.599998,44.450001,45.450001,32.190071,14391000
2011-07-06,45.150002,45.500000,44.799999,45.250000,32.048420,14350000
2011-07-07,44.750000,46.150002,44.750000,45.950001,32.544201,16145000
2011-07-08,46.400002,46.400002,45.299999,45.400002,32.154667,14088000
2011-07-11,45.549999,45.549999,44.849998,45.200001,32.013012,12173000
2011-07-12,45.000000,45.049999,43.099998,43.299999,30.667336,26104000
2011-07-13,43.099998,45.000000,42.750000,44.700001,31.658886,20574000
2011-07-14,44.799999,45.950001,44.000000,45.500000,32.225487,23866000
2011-07-15,45.500000,45.799999,45.000000,45.549999,32.260899,9186000
2011-07-18,45.299999,45.750000,44.900002,45.450001,32.190071,14084000
2011-07-19,45.450001,45.450001,44.250000,44.599998,31.588058,10343000
2011-07-20,44.799999,45.299999,44.750000,45.250000,32.048420,11048000
2011-07-21,45.500000,46.349998,45.450001,46.299999,32.792088,9849000
2011-07-22,46.400002,49.450001,46.400002,48.400002,34.279419,23190000
2011-07-25,48.500000,48.500000,47.799999,48.299999,34.208595,18175000
2011-07-26,46.599998,46.700001,44.299999,45.950001,33.949993,26918000
2011-07-27,45.000000,45.500000,44.000000,44.650002,32.989494,33545000
2011-07-28,44.000000,45.450001,43.799999,45.450001,33.580574,15770000
2011-07-29,45.799999,46.500000,45.549999,45.599998,33.691406,20125000
2011-08-01,46.000000,46.500000,45.450001,46.000000,33.986942,12384000
2011-08-02,46.099998,47.299999,46.000000,47.000000,34.725784,14134000
2011-08-03,46.200001,46.450001,45.400002,45.750000,33.802223,13359000
2011-08-04,46.299999,46.299999,44.799999,44.849998,33.137268,8320000
2011-08-05,42.000000,43.799999,41.900002,43.099998,31.844280,25279000
2011-08-08,43.000000,43.599998,40.299999,42.000000,31.031555,30696000
2011-08-09,40.099998,44.299999,40.099998,43.150002,31.881224,35695000
2011-08-10,45.000000,46.150002,44.099998,45.549999,33.654457,33351000
2011-08-11,44.549999,46.450001,43.549999,44.250000,32.693958,30177000
2011-08-12,44.500000,44.849998,42.650002,42.650002,31.511808,23154000
2011-08-15,43.000000,44.700001,43.000000,43.950001,32.472309,11341000
2011-08-16,44.700001,45.299999,44.099998,45.250000,33.432804,19688000
2011-08-17,45.500000,45.500000,44.299999,44.650002,32.989494,12891000
2011-08-18,45.000000,45.200001,44.150002,45.150002,33.358921,13127000
2011-08-19,44.000000,44.000000,42.000000,42.000000,31.031555,29583000
2011-08-22,41.000000,41.900002,39.099998,39.099998,28.888897,34357000
2011-08-23,39.099998,40.200001,38.299999,40.200001,29.701630,19848000
2011-08-24,40.200001,40.200001,37.849998,38.349998,28.334766,30346000
2011-08-25,38.500000,38.849998,35.750000,36.450001,26.930958,52926000
2011-08-26,36.799999,37.299999,34.099998,35.250000,26.044338,43629000
2011-08-29,35.700001,37.349998,35.349998,37.349998,27.595917,19201000
2011-08-30,37.549999,38.400002,36.599998,37.950001,28.039225,20502000
2011-08-31,37.299999,38.849998,37.299999,38.750000,28.630304,16653000
2011-09-01,39.700001,40.250000,39.250000,40.000000,29.553864,24064000
2011-09-02,40.000000,40.000000,38.500000,39.150002,28.925844,13836000
2011-09-05,39.000000,39.299999,38.400002,38.950001,28.778074,13805000
2011-09-06,38.500000,38.549999,36.250000,36.250000,26.783188,33671000
2011-09-07,35.799999,36.500000,34.250000,35.250000,26.044338,43062000
2011-09-08,35.799999,37.049999,35.500000,36.650002,27.078726,27559000
2011-09-09,36.650002,37.599998,36.450001,37.500000,27.706747,15534000
2011-09-13,36.500000,36.500000,34.900002,34.900002,25.785746,25926000
2011-09-14,35.099998,35.500000,32.799999,33.299999,24.603590,39760000
2011-09-15,34.500000,34.500000,33.299999,33.700001,24.899128,23141000
2011-09-16,34.500000,36.049999,34.349998,35.250000,26.044338,25541000
2011-09-19,35.250000,35.450001,34.500000,34.950001,25.822687,10852000
2011-09-20,34.950001,35.299999,33.500000,34.200001,25.268553,18620000
2011-09-21,34.200001,34.400002,33.500000,34.299999,25.342436,18246000
2011-09-22,33.500000,33.500000,32.200001,32.250000,23.827803,26315000
2011-09-23,30.600000,30.900000,30.000000,30.350000,22.423992,48555000
2011-09-26,29.400000,29.400000,29.250000,29.250000,21.611261,14927000
2011-09-27,30.250000,31.250000,30.200001,31.250000,23.088955,25352000
2011-09-28,32.299999,32.650002,31.750000,32.000000,23.643087,22652000
2011-09-29,31.799999,33.500000,31.350000,32.700001,24.160282,17855000
2011-09-30,33.500000,33.900002,32.750000,32.900002,24.308052,15017000
2011-10-03,32.400002,32.400002,31.000000,31.000000,22.904242,23100000
2011-10-04,30.000000,31.950001,29.900000,31.900000,23.569204,24367000
2011-10-05,32.200001,32.299999,31.200001,31.650000,23.384491,10681000
2011-10-06,32.750000,33.400002,32.599998,33.150002,24.492764,20044000
2011-10-07,34.799999,34.799999,34.799999,34.799999,25.711855,14022000
2011-10-11,36.200001,36.700001,35.700001,36.700001,27.115665,23731000
2011-10-12,35.750000,36.950001,35.250000,36.549999,27.004839,16168000
2011-10-13,36.549999,37.200001,35.150002,36.099998,26.672356,19144000
2011-10-14,35.900002,35.900002,34.650002,34.650002,25.601032,20442000
2011-10-17,35.049999,35.950001,34.750000,35.500000,26.229050,12881000
2011-10-18,34.900002,35.150002,34.549999,34.849998,25.748802,10157000
2011-10-19,35.200001,35.299999,34.299999,34.750000,25.674915,10163000
2011-10-20,35.000000,35.400002,34.400002,34.500000,25.490204,12989000
2011-10-21,34.650002,35.250000,34.400002,34.700001,25.637974,8923000
2011-10-24,35.799999,36.150002,35.400002,36.099998,26.672356,17130000
2011-10-25,36.450001,36.450001,35.650002,36.000000,26.598475,8697000
2011-10-26,35.349998,36.450001,35.349998,36.450001,26.930958,15864000
2011-10-27,36.500000,38.750000,36.099998,38.250000,28.260878,47321000
2011-10-28,39.049999,39.299999,37.500000,37.849998,27.965340,30367000
2011-10-31,37.950001,38.150002,37.500000,37.849998,27.965340,12398000
2011-11-01,37.849998,37.849998,36.849998,37.000000,27.337322,21585000
2011-11-02,36.099998,36.500000,35.400002,36.349998,26.857071,23555000
2011-11-03,36.500000,36.500000,35.500000,35.799999,26.450706,15708000
2011-11-04,36.500000,37.349998,36.500000,37.200001,27.485092,23113000
2011-11-07,37.299999,38.000000,37.099998,37.750000,27.891457,12512000
2011-11-08,37.700001,38.049999,36.700001,36.750000,27.152607,12739000
2011-11-09,36.849998,37.400002,36.849998,36.849998,27.226494,9092000
2011-11-10,36.000000,36.000000,34.950001,35.299999,26.081280,27918000
2011-11-11,35.799999,35.900002,35.099998,35.400002,26.155167,14932000
2011-11-14,36.299999,36.349998,35.799999,35.900002,26.524590,9154000
2011-11-15,35.599998,36.250000,35.500000,36.250000,26.783188,5204000
2011-11-16,36.349998,36.450001,34.849998,34.950001,25.822687,13446000
2011-11-17,34.000000,34.200001,33.500000,33.700001,24.899128,22119000
2011-11-18,33.000000,33.400002,32.900002,33.000000,24.381937,26295000
2011-11-21,32.599998,32.599998,31.400000,31.400000,23.199781,24565000
2011-11-22,31.400000,32.599998,31.000000,32.450001,23.975571,17606000
2011-11-23,32.549999,32.700001,31.700001,31.750000,23.458378,11375000
2011-11-24,31.799999,32.799999,31.750000,32.700001,24.160282,11757000
2011-11-25,33.099998,33.299999,31.700001,32.099998,23.716972,13294000
2011-11-28,32.500000,33.049999,32.500000,32.700001,24.160282,8925000
2011-11-29,33.200001,33.500000,32.799999,33.400002,24.677475,8569000
2011-11-30,33.200001,33.200001,32.000000,32.549999,24.049456,16447000
2011-12-01,34.000000,34.799999,33.500000,34.500000,25.490204,19664000
2011-12-02,34.500000,34.750000,33.799999,34.750000,25.674915,10650000
2011-12-05,34.849998,35.150002,34.599998,35.000000,25.859629,7615000
2011-12-06,35.099998,35.599998,34.200001,34.849998,25.748802,11546000
2011-12-07,35.500000,35.500000,35.099998,35.500000,26.229050,9805000
2011-12-08,34.799999,35.200001,33.799999,34.599998,25.564087,10443000
2011-12-09,34.000000,34.000000,32.200001,33.000000,24.381937,17922000
2011-12-12,33.500000,33.549999,32.599998,33.500000,24.751358,12531000
2011-12-13,32.799999,33.400002,32.650002,33.250000,24.566648,8874000
2011-12-14,32.650002,33.099998,32.349998,32.700001,24.160282,13859000
2011-12-15,32.549999,32.599998,31.850000,32.400002,23.938629,11819000
2011-12-16,33.000000,33.450001,32.400002,33.000000,24.381937,8977000
2011-12-19,33.299999,33.400002,31.950001,32.799999,24.234165,12526000
2011-12-20,32.799999,33.200001,32.299999,33.000000,24.381937,10436000
2011-12-21,34.349998,35.099998,34.000000,35.000000,25.859629,15944000
2011-12-22,35.099998,35.099998,33.849998,35.000000,25.859629,17204000
2011-12-23,35.400002,35.500000,34.849998,35.000000,25.859629,15344000
2011-12-26,35.000000,35.250000,34.650002,34.950001,25.822687,8232000
2011-12-27,34.650002,35.099998,34.500000,35.000000,25.859629,6978000
2011-12-28,34.900002,35.049999,34.650002,34.950001,25.822687,6152000
2011-12-29,34.700001,35.000000,34.500000,35.000000,25.859629,4827000
2011-12-30,35.000000,35.250000,34.799999,35.000000,25.859629,7633000
2012-01-02,35.000000,35.000000,35.000000,35.000000,25.859629,0
2012-01-03,35.000000,35.000000,35.000000,35.000000,25.859629,0
2012-01-04,35.000000,35.000000,35.000000,35.000000,25.859629,0
2012-01-05,35.000000,35.000000,35.000000,35.000000,25.859629,0
2012-01-06,35.599998,35.650002,34.950001,34.950001,25.822687,16445000
2012-01-09,34.900002,34.950001,34.299999,34.450001,25.453262,15989000
2012-01-10,34.700001,35.500000,34.599998,35.500000,26.229050,14478000
2012-01-11,35.799999,36.200001,35.650002,36.000000,26.598475,16935000
2012-01-12,36.000000,36.299999,35.700001,36.200001,26.746244,19822000
2012-01-13,36.500000,36.750000,36.099998,36.200001,26.746244,13329000
2012-01-16,36.299999,36.400002,35.049999,35.349998,26.118223,8601000
2012-01-17,35.549999,36.000000,35.299999,36.000000,26.598475,6290000
2012-01-18,36.299999,36.299999,35.349998,36.250000,26.783188,11280000
2012-01-30,37.099998,37.750000,37.099998,37.349998,27.595917,21877000
2012-01-31,37.099998,37.349998,36.549999,36.900002,27.263439,15121000
2012-02-01,36.950001,37.049999,36.150002,36.299999,26.820127,10786000
2012-02-02,36.500000,37.099998,36.299999,37.000000,27.337322,9621000
2012-02-03,36.950001,36.950001,36.299999,36.500000,26.967897,15349000
2012-02-06,36.900002,36.900002,36.200001,36.400002,26.894014,10919000
2012-02-07,36.200001,36.799999,36.099998,36.099998,26.672356,16663000
2012-02-08,36.299999,36.500000,35.950001,36.150002,26.709301,20805000
2012-02-09,36.200001,36.799999,35.650002,36.349998,26.857071,41195000
2012-02-10,36.549999,37.349998,36.400002,37.250000,27.522034,42428000
2012-02-13,37.700001,38.150002,37.650002,37.950001,28.039225,32395000
2012-02-14,37.849998,37.849998,36.450001,36.700001,27.115665,20767000
2012-02-15,36.500000,37.049999,36.400002,36.950001,27.300379,13865000
2012-02-16,37.000000,37.200001,36.700001,36.900002,27.263439,30912000
2012-02-17,37.200001,37.750000,36.900002,37.150002,27.448151,15781000
2012-02-20,37.799999,38.150002,37.599998,37.849998,27.965340,27454000
2012-02-21,38.000000,38.000000,37.299999,37.599998,27.780624,13736000
2012-02-22,37.650002,37.799999,37.299999,37.750000,27.891457,14234000
2012-02-23,37.700001,37.700001,37.099998,37.599998,27.780624,11506000
2012-02-24,37.599998,37.599998,37.000000,37.200001,27.485092,16881000
2012-02-29,37.599998,37.900002,37.400002,37.750000,27.891457,13449000
2012-03-01,37.900002,37.900002,37.250000,37.250000,27.522034,9042000
2012-03-02,37.500000,37.500000,37.099998,37.200001,27.485092,11188000
2012-03-05,37.099998,37.299999,36.500000,36.650002,27.078726,9461000
2012-03-06,36.400002,36.650002,35.000000,35.549999,26.265995,20137000
2012-03-07,35.000000,35.799999,35.000000,35.549999,26.265995,8098000
2012-03-08,35.849998,35.849998,35.500000,35.799999,26.450706,6054000
2012-03-09,35.950001,35.950001,35.549999,35.849998,26.487648,8360000
2012-03-12,35.900002,35.900002,35.099998,35.099998,25.933512,9139000
2012-03-13,35.250000,35.549999,35.200001,35.250000,26.044338,9727000
2012-03-14,35.500000,35.750000,34.950001,35.250000,26.044338,15058000
2012-03-15,35.000000,35.299999,35.000000,35.150002,25.970457,11433000
2012-03-16,35.500000,36.000000,35.150002,36.000000,26.598475,10060000
2012-03-19,36.000000,36.099998,35.200001,35.500000,26.229050,5733000
2012-03-20,35.900002,35.900002,35.099998,35.099998,25.933512,7325000
2012-03-21,35.099998,35.400002,35.000000,35.150002,25.970457,10107000
2012-03-22,35.500000,35.500000,35.150002,35.450001,26.192110,16108000
2012-03-23,35.500000,35.500000,35.099998,35.250000,26.044338,11184000
2012-03-26,35.200001,35.200001,33.750000,34.000000,25.120781,28578000
2012-03-27,34.000000,34.250000,33.799999,34.200001,25.268553,21979000
2012-03-28,34.750000,34.799999,34.200001,34.599998,25.564087,7610000
2012-03-29,34.599998,34.599998,33.950001,34.400002,25.416323,10805000
2012-03-30,34.400002,34.549999,34.000000,34.549999,25.527147,6643000
2012-04-02,34.500000,34.549999,33.900002,34.200001,25.268553,11032000
2012-04-03,34.299999,34.599998,33.950001,34.400002,25.416323,12339000
2012-04-05,33.750000,34.549999,33.750000,34.250000,25.305494,9123000
2012-04-06,34.349998,34.799999,34.099998,34.500000,25.490204,7947000
2012-04-09,34.099998,35.200001,34.000000,34.500000,25.490204,9015000
2012-04-10,34.650002,35.250000,34.650002,34.849998,25.748802,8313000
2012-04-11,34.750000,35.150002,34.599998,34.849998,25.748802,12600000
2012-04-12,35.099998,35.250000,34.650002,35.200001,26.007401,10207000
2012-04-13,35.400002,35.799999,35.000000,35.799999,26.450706,9397000
2012-04-16,35.599998,35.750000,35.250000,35.599998,26.302937,3063000
2012-04-17,35.750000,35.799999,35.099998,35.099998,25.933512,6807000
2012-04-18,35.799999,35.799999,35.200001,35.799999,26.450706,8126000
2012-04-19,35.799999,36.099998,35.599998,36.000000,26.598475,8521000
2012-04-20,36.099998,36.099998,35.299999,35.400002,26.155167,4476000
2012-04-23,35.500000,35.500000,35.000000,35.099998,25.933512,3923000
2012-04-24,34.849998,35.200001,34.849998,34.900002,25.785746,5651000
2012-04-25,34.799999,34.799999,34.500000,34.500000,25.490204,8429000
2012-04-26,34.849998,34.849998,34.000000,34.299999,25.342436,7318000
2012-04-27,34.299999,34.500000,33.750000,33.849998,25.009953,9540000
2012-04-30,34.150002,34.849998,33.799999,34.849998,25.748802,5849000
2012-05-02,34.849998,35.599998,34.849998,35.549999,26.265995,12474000
2012-05-03,35.549999,35.900002,35.450001,35.650002,26.339880,7236000
2012-05-04,34.849998,36.000000,34.849998,35.950001,26.561533,10121000
2012-05-07,35.700001,35.700001,35.049999,35.349998,26.118223,6666000
2012-05-08,35.650002,35.650002,35.000000,35.049999,25.896572,5305000
2012-05-09,34.799999,35.099998,34.599998,35.000000,25.859629,5432000
2012-05-10,34.950001,35.150002,34.650002,35.049999,25.896572,8195000
2012-05-11,35.049999,35.049999,34.299999,34.450001,25.453262,8340000
2012-05-14,34.299999,34.450001,34.000000,34.000000,25.120781,6146000
2012-05-15,34.000000,34.000000,32.750000,32.750000,24.197224,25056000
2012-05-16,32.750000,32.750000,32.299999,32.299999,23.864740,13799000
2012-05-17,32.799999,32.799999,32.349998,32.650002,24.123341,8500000
2012-05-18,32.150002,32.150002,31.600000,32.000000,23.643087,14880000
2012-05-21,32.000000,32.500000,31.900000,32.450001,23.975571,3608000
2012-05-22,32.750000,32.750000,32.500000,32.700001,24.160282,3686000
2012-05-23,32.299999,33.000000,31.900000,32.900002,24.308052,5362000
2012-05-24,32.700001,32.750000,32.400002,32.700001,24.160282,6763000
2012-05-25,32.549999,32.950001,32.500000,32.500000,24.012510,3818000
2012-05-28,32.349998,32.750000,32.349998,32.549999,24.049456,3998000
2012-05-29,32.950001,34.450001,32.750000,34.200001,25.268553,9133000
2012-05-30,34.000000,34.700001,33.250000,34.650002,25.601032,14748000
2012-05-31,34.000000,34.700001,33.750000,33.750000,24.936071,18082000
2012-06-01,33.599998,34.099998,33.299999,33.650002,24.862186,6543000
2012-06-04,32.900002,33.799999,32.799999,33.150002,24.492764,7340000
2012-06-05,33.349998,33.599998,33.049999,33.200001,24.529705,6660000
2012-06-06,33.549999,34.200001,33.349998,34.150002,25.231611,6306000
2012-06-07,34.599998,34.650002,34.299999,34.500000,25.490204,4558000
2012-06-08,34.500000,34.599998,33.900002,34.500000,25.490204,6170000
2012-06-11,34.500000,34.950001,34.150002,34.450001,25.453262,8275000
2012-06-12,33.900002,34.450001,33.750000,34.400002,25.416323,8241000
2012-06-13,34.549999,34.599998,34.000000,34.000000,25.120781,6978000
2012-06-14,33.849998,34.500000,33.849998,34.000000,25.120781,5996000
2012-06-15,34.000000,34.599998,34.000000,34.599998,25.564087,7295000
2012-06-18,35.000000,35.599998,35.000000,35.349998,26.118223,8719000
2012-06-19,35.349998,35.400002,34.950001,35.299999,26.081280,4523000
2012-06-20,35.500000,35.700001,35.099998,35.450001,26.192110,5339000
2012-06-21,35.400002,35.500000,35.000000,35.000000,25.859629,2955000
2012-06-22,34.750000,34.900002,34.500000,34.599998,25.564087,3563000
2012-06-25,35.099998,35.099998,34.150002,34.250000,25.305494,4157000
2012-06-26,34.000000,34.650002,34.000000,34.650002,25.601032,6291000
2012-06-27,34.650002,35.099998,34.299999,34.900002,25.785746,4061000
2012-06-28,35.000000,35.299999,34.849998,35.200001,26.007401,7581000
2012-06-29,34.900002,35.349998,34.900002,35.349998,26.118223,7366000
2012-07-02,34.099998,35.700001,34.099998,35.099998,25.933512,9257000
2012-07-03,35.599998,36.250000,35.400002,36.150002,26.709301,13916000
2012-07-04,36.250000,36.299999,36.049999,36.200001,26.746244,6306000
2012-07-05,35.700001,35.900002,35.400002,35.900002,26.524590,7891000
2012-07-06,36.000000,36.299999,35.799999,36.299999,26.820127,8947000
2012-07-09,35.799999,36.400002,35.799999,36.299999,26.820127,6215000
2012-07-10,36.099998,36.250000,35.750000,36.000000,26.598475,7560000
2012-07-11,35.549999,36.900002,35.549999,36.900002,27.263439,14397000
2012-07-12,36.900002,36.900002,36.099998,36.200001,26.746244,6229000
2012-07-13,36.200001,36.599998,36.150002,36.250000,26.783188,7971000
2012-07-16,36.250000,36.400002,36.000000,36.250000,26.783188,5973000
2012-07-17,35.900002,36.400002,35.900002,36.250000,26.783188,8673000
2012-07-18,36.000000,36.250000,35.849998,36.049999,26.635418,7243000
2012-07-19,36.450001,36.900002,36.099998,36.849998,27.226494,9901000
2012-07-20,36.900002,37.000000,36.599998,37.000000,27.337322,6978000
2012-07-23,36.900002,36.900002,36.200001,36.400002,26.894014,4733000
2012-07-24,36.049999,36.250000,36.000000,36.150002,26.709301,5829000
2012-07-25,35.599998,36.000000,35.349998,35.400002,26.155167,15419000
2012-07-26,33.700001,34.000000,33.650002,33.650002,26.272280,7123000
2012-07-27,34.099998,34.849998,34.049999,34.849998,27.209181,7936000
2012-07-30,35.000000,35.299999,34.849998,35.099998,27.404366,7064000
2012-07-31,35.000000,35.200001,34.849998,34.900002,27.248220,6503000
2012-08-01,35.000000,35.750000,34.849998,35.750000,27.911858,7723000
2012-08-02,35.750000,35.750000,35.750000,35.750000,27.911858,0
2012-08-03,35.799999,35.900002,35.500000,35.799999,27.950895,4177000
2012-08-06,36.000000,36.450001,35.650002,35.700001,27.872820,8113000
2012-08-07,35.200001,35.849998,35.200001,35.700001,27.872820,5829000
2012-08-08,35.700001,36.000000,35.299999,35.500000,27.716667,7927000
2012-08-09,35.700001,35.900002,35.450001,35.799999,27.950895,11160000
2012-08-10,36.000000,36.200001,35.799999,35.799999,27.950895,12917000
2012-08-13,36.450001,36.450001,35.799999,36.000000,28.107044,9108000
2012-08-14,36.000000,36.250000,35.250000,35.299999,27.560516,6841000
2012-08-15,35.500000,35.599998,34.900002,35.400002,27.638594,6724000
2012-08-16,35.599998,35.599998,34.950001,35.000000,27.326294,8912000
2012-08-17,34.849998,35.000000,34.400002,34.799999,27.170139,9580000
2012-08-20,34.799999,34.799999,34.200001,34.349998,26.818804,5039000
2012-08-21,34.700001,34.849998,34.299999,34.450001,26.896881,7111000
2012-08-22,34.099998,34.200001,33.900002,34.150002,26.662657,7043000
2012-08-23,33.900002,34.200001,33.900002,34.000000,26.545542,5616000
2012-08-24,34.000000,34.049999,33.849998,33.900002,26.467468,4969000
2012-08-27,33.900002,34.200001,33.799999,33.849998,26.428427,3111000
2012-08-28,33.700001,33.799999,33.450001,33.450001,26.116131,5031000
2012-08-29,33.500000,33.549999,33.000000,33.049999,25.803827,8816000
2012-08-30,33.099998,33.150002,32.500000,32.599998,25.452490,11089000
2012-08-31,32.599998,32.799999,32.450001,32.549999,25.413454,6793000
2012-09-03,32.500000,32.900002,32.349998,32.549999,25.413454,5434000
2012-09-04,32.700001,33.200001,32.500000,33.049999,25.803827,12106000
2012-09-05,33.000000,33.000000,32.500000,32.549999,25.413454,8280000
2012-09-06,32.700001,32.750000,32.450001,32.500000,25.374414,4634000
2012-09-07,32.900002,34.150002,32.450001,33.750000,26.350355,24961000
2012-09-10,33.900002,35.599998,33.849998,35.099998,27.404366,34011000
2012-09-11,35.200001,35.299999,34.599998,34.900002,27.248220,7369000
2012-09-12,35.099998,35.500000,35.000000,35.150002,27.443407,10687000
2012-09-13,35.299999,35.450001,35.150002,35.400002,27.638594,5709000
2012-09-14,35.750000,36.950001,35.750000,36.700001,28.653568,24860000
2012-09-17,37.000000,37.000000,36.549999,36.700001,28.653568,9884000
2012-09-18,36.700001,36.700001,35.750000,35.900002,28.028969,9492000
2012-09-19,35.599998,36.000000,35.450001,35.950001,28.068008,10269000
2012-09-20,35.799999,36.000000,35.250000,35.250000,27.521481,10980000
2012-09-21,35.700001,35.950001,35.400002,35.900002,28.028969,9397000
2012-09-24,35.900002,36.450001,35.400002,36.299999,28.341269,6109000
2012-09-25,36.200001,36.299999,35.750000,36.000000,28.107044,7611000
2012-09-26,35.799999,35.900002,35.599998,35.799999,27.950895,3255000
2012-09-27,36.000000,36.099998,35.599998,36.049999,28.146084,7373000
2012-09-28,36.099998,36.400002,35.650002,36.299999,28.341269,9024000
2012-10-01,36.299999,36.500000,35.900002,35.950001,28.068008,6182000
2012-10-02,36.000000,36.049999,35.650002,35.750000,27.911858,6121000
2012-10-03,35.799999,35.900002,35.549999,35.599998,27.794744,2217000
2012-10-04,35.799999,36.200001,35.349998,36.200001,28.263195,5903000
2012-10-05,36.200001,36.299999,36.000000,36.299999,28.341269,6003000
2012-10-08,36.599998,37.000000,36.150002,36.299999,28.341269,12024000
2012-10-09,36.500000,36.900002,36.500000,36.700001,28.653568,11024000
2012-10-11,36.200001,36.549999,35.849998,35.950001,28.068008,7537000
2012-10-12,36.200001,36.200001,34.849998,35.400002,27.638594,8181000
2012-10-15,35.200001,36.200001,35.200001,36.200001,28.263195,8738000
2012-10-16,36.299999,36.700001,36.000000,36.650002,28.614534,10611000
2012-10-17,36.799999,36.900002,36.599998,36.900002,28.809723,9160000
2012-10-18,36.900002,36.900002,36.650002,36.799999,28.731644,6090000
2012-10-19,37.000000,37.799999,37.000000,37.599998,29.356243,31188000
2012-10-22,37.299999,37.799999,37.150002,37.799999,29.512396,11014000
2012-10-23,37.900002,37.900002,37.349998,37.599998,29.356243,7874000
2012-10-24,37.400002,37.900002,37.049999,37.650002,29.395288,12277000
2012-10-25,37.650002,38.049999,37.400002,37.950001,29.629509,12879000
2012-10-26,38.000000,38.000000,36.400002,36.450001,28.458385,11396000
2012-10-29,36.450001,37.150002,36.400002,36.950001,28.848759,5760000
2012-10-30,37.299999,38.049999,37.250000,37.400002,29.200096,11272000
2012-10-31,37.750000,37.799999,37.200001,37.450001,29.239136,5207000
2012-11-01,37.000000,37.150002,36.299999,36.599998,28.575495,8479000
2012-11-02,37.400002,37.900002,36.700001,37.349998,29.161057,12320000
2012-11-05,37.349998,38.349998,37.299999,38.099998,29.746620,17014000
2012-11-06,38.500000,38.500000,37.849998,38.349998,29.941813,12109000
2012-11-07,38.549999,38.650002,38.250000,38.500000,30.058924,11632000
2012-11-08,38.500000,38.500000,37.650002,38.000000,29.668549,7751000
2012-11-09,37.900002,37.900002,37.349998,37.650002,29.395288,7901000
2012-11-12,37.650002,38.000000,37.549999,37.650002,29.395288,4118000
2012-11-13,38.000000,38.000000,36.799999,36.950001,28.848759,8374000
2012-11-14,37.349998,37.349998,36.250000,36.799999,28.731644,9714000
2012-11-15,36.650002,36.700001,36.099998,36.349998,28.380308,5106000
2012-11-16,36.349998,36.900002,36.299999,36.400002,28.419346,3959000
2012-11-19,36.400002,36.750000,36.200001,36.599998,28.575495,4907000
2012-11-20,36.799999,37.000000,36.549999,36.799999,28.731644,5865000
2012-11-21,37.000000,37.099998,36.599998,36.799999,28.731644,4970000
2012-11-22,36.799999,37.000000,35.900002,36.150002,28.224157,7475000
2012-11-23,36.200001,36.799999,36.099998,36.799999,28.731644,9905000
2012-11-26,37.000000,37.150002,36.400002,36.799999,28.731644,9007000
2012-11-27,36.400002,36.700001,36.250000,36.400002,28.419346,9134000
2012-11-28,36.400002,36.500000,35.799999,36.000000,28.107044,11279000
2012-11-29,36.200001,37.400002,36.150002,37.299999,29.122021,17857000
2012-11-30,37.450001,38.049999,37.349998,38.049999,29.707584,18216000
2012-12-03,38.200001,38.299999,37.750000,38.000000,29.668549,6570000
2012-12-04,37.700001,37.700001,37.299999,37.700001,29.434324,6866000
2012-12-05,37.700001,38.250000,37.400002,38.200001,29.824696,10604000
2012-12-06,38.200001,38.200001,37.700001,37.900002,29.590475,7811000
2012-12-07,38.200001,39.750000,38.150002,39.400002,30.761600,25376000
2012-12-10,39.349998,39.650002,38.700001,39.000000,30.449295,12586000
2012-12-11,38.700001,39.049999,38.250000,38.900002,30.371225,12609000
2012-12-12,39.500000,39.650002,38.700001,39.000000,30.449295,12197000
2012-12-13,39.000000,39.099998,38.750000,39.049999,30.488337,7748000
2012-12-14,39.000000,39.200001,38.900002,39.049999,30.488337,6760000
2012-12-17,39.000000,39.150002,38.799999,38.849998,30.332182,4488000
2012-12-18,38.900002,39.000000,37.799999,38.750000,30.254110,8451000
2012-12-19,38.849998,38.900002,38.250000,38.500000,30.058924,7652000
2012-12-20,38.599998,38.900002,38.299999,38.500000,30.058924,7287000
2012-12-21,38.500000,38.500000,37.299999,37.500000,29.278173,9159000
2012-12-24,36.950001,37.500000,36.849998,37.500000,29.278173,4674000
2012-12-25,37.500000,38.200001,37.349998,38.000000,29.668549,4632000
2012-12-26,38.000000,38.900002,38.000000,38.700001,30.215073,8211000
2012-12-27,38.750000,38.950001,38.250000,38.849998,30.332182,6224000
2012-12-28,39.000000,39.000000,38.549999,38.900002,30.371225,4797000
2013-01-02,38.950001,39.099998,38.650002,39.000000,30.449295,6360000
2013-01-03,39.500000,39.500000,38.750000,38.849998,30.332182,9694000
2013-01-04,39.400002,39.450001,38.599998,39.000000,30.449295,8653000
2013-01-07,39.099998,39.099998,38.650002,38.900002,30.371225,5060000
2013-01-08,38.900002,39.099998,38.200001,38.500000,30.058924,6430000
2013-01-09,38.799999,39.000000,38.500000,38.549999,30.097961,5763000
2013-01-10,39.000000,39.650002,38.799999,39.650002,30.956785,15528000
2013-01-11,39.650002,39.950001,39.400002,39.650002,30.956785,7690000
2013-01-14,39.200001,39.500000,38.200001,39.500000,30.839674,11509000
2013-01-15,39.400002,39.400002,38.750000,39.000000,30.449295,6004000
2013-01-16,39.299999,39.299999,38.650002,38.950001,30.410263,4861000
2013-01-17,39.200001,39.200001,37.500000,37.799999,29.512396,9377000
2013-01-18,38.500000,39.000000,38.000000,38.750000,30.254110,11215000
2013-01-21,38.299999,38.950001,38.200001,38.849998,30.332182,5554000
2013-01-22,38.849998,39.099998,38.450001,39.000000,30.449295,4336000
2013-01-23,38.799999,39.049999,38.700001,38.950001,30.410263,3713000
2013-01-24,38.799999,39.150002,38.500000,39.000000,30.449295,5811000
2013-01-25,38.900002,39.250000,38.650002,39.099998,30.527372,8597000
2013-01-28,39.099998,39.549999,38.900002,39.250000,30.644487,7202000
2013-01-29,39.400002,39.599998,39.299999,39.599998,30.917747,6568000
2013-01-30,39.599998,39.799999,39.200001,39.799999,31.073902,7996000
2013-01-31,39.799999,40.000000,39.750000,39.900002,31.151976,7126000
2013-02-01,40.150002,40.200001,39.849998,40.049999,31.269089,6398000
2013-02-04,40.049999,40.599998,39.900002,40.450001,31.581387,11514000
2013-02-05,40.450001,40.450001,39.650002,39.750000,31.034863,12292000
2013-02-06,40.200001,40.200001,39.150002,39.150002,30.566414,9148000
2013-02-18,40.500000,40.799999,38.799999,38.950001,30.410263,12893000
2013-02-19,39.450001,39.450001,38.700001,38.950001,30.410263,9112000
2013-02-20,38.950001,39.000000,38.099998,38.250000,29.863733,19670000
2013-02-21,38.349998,38.450001,37.400002,37.400002,29.200096,19642000
2013-02-22,37.900002,38.549999,37.200001,38.250000,29.863733,13064000
2013-02-25,38.450001,38.599998,38.200001,38.200001,29.824696,8405000
2013-02-26,38.000000,38.200001,37.799999,37.849998,29.551434,6216000
2013-02-27,37.900002,38.400002,37.700001,38.049999,29.707584,8064000
2013-03-01,38.349998,38.900002,38.150002,38.849998,30.332182,8078000
2013-03-04,38.849998,38.849998,38.099998,38.599998,30.136997,11134000
2013-03-05,38.500000,38.700001,38.049999,38.599998,30.136997,6478000
2013-03-06,38.599998,38.750000,38.400002,38.599998,30.136997,6421000
2013-03-07,38.400002,38.500000,38.299999,38.299999,29.902773,4750000
2013-03-08,38.299999,39.049999,38.299999,38.950001,30.410263,4691000
2013-03-11,38.799999,38.849998,38.200001,38.299999,29.902773,5660000
2013-03-12,38.200001,38.400002,37.849998,38.150002,29.785658,4528000
2013-03-13,38.500000,38.650002,38.150002,38.500000,30.058924,3299000
2013-03-14,38.150002,38.150002,37.299999,37.400002,29.200096,11626000
2013-03-15,37.599998,37.700001,36.650002,36.650002,28.614534,10120000
2013-03-18,36.650002,36.650002,36.049999,36.200001,28.263195,11394000
2013-03-19,36.500000,37.049999,36.250000,36.750000,28.692606,7139000
2013-03-20,36.750000,36.900002,36.349998,36.500000,28.497419,9252000
2013-03-21,36.500000,36.900002,36.349998,36.500000,28.497419,9097000
2013-03-22,36.400002,36.599998,36.400002,36.450001,28.458385,7466000
2013-03-25,36.500000,36.650002,36.400002,36.450001,28.458385,4239000
2013-03-26,36.500000,37.150002,36.450001,36.849998,28.770683,5974000
2013-03-27,36.650002,37.099998,36.650002,37.099998,28.965872,6148000
2013-03-28,37.400002,37.400002,36.799999,36.799999,28.731644,4669000
2013-03-29,37.500000,37.549999,36.900002,37.500000,29.278173,3548000
2013-04-01,37.500000,37.650002,37.450001,37.549999,29.317205,3378000
2013-04-02,37.450001,38.099998,37.200001,37.849998,29.551434,5177000
2013-04-03,38.000000,38.400002,37.849998,38.400002,29.980848,4672000
2013-04-08,37.900002,38.049999,37.500000,37.500000,29.278173,7497000
2013-04-09,37.500000,38.049999,37.400002,37.750000,29.473360,6655000
2013-04-10,38.000000,38.250000,37.500000,37.750000,29.473360,6146000
2013-04-11,37.750000,38.150002,37.349998,38.000000,29.668549,6099000
2013-04-12,38.000000,38.400002,37.750000,38.000000,29.668549,6043000
2013-04-15,38.000000,38.400002,38.000000,38.400002,29.980848,5765000
2013-04-16,37.700001,38.500000,37.700001,38.450001,30.019886,4303000
2013-04-17,38.450001,38.450001,38.000000,38.400002,29.980848,7054000
2013-04-18,38.200001,38.599998,37.849998,38.049999,29.707584,5390000
2013-04-19,38.049999,38.599998,38.000000,38.400002,29.980848,5244000
2013-04-22,39.549999,40.099998,39.250000,39.349998,30.722561,11064000
2013-04-23,39.400002,39.500000,38.700001,38.750000,30.254110,3333000
2013-04-24,39.150002,39.299999,38.900002,39.299999,30.683523,4712000
2013-04-25,39.299999,39.299999,38.700001,39.000000,30.449295,4265000
2013-04-26,38.599998,39.200001,38.599998,38.900002,30.371225,3150000
2013-04-29,38.900002,39.000000,38.700001,38.700001,30.215073,2961000
2013-04-30,38.900002,39.250000,38.799999,39.200001,30.605450,4643000
2013-05-02,39.049999,39.049999,38.500000,38.500000,30.058924,6053000
2013-05-03,38.500000,38.799999,38.000000,38.299999,29.902773,7894000
2013-05-06,38.650002,38.700001,38.450001,38.450001,30.019886,3795000
2013-05-07,38.549999,38.599998,38.250000,38.400002,29.980848,3588000
2013-05-08,38.299999,38.849998,38.299999,38.700001,30.215073,8196000
2013-05-09,38.700001,39.150002,38.700001,39.150002,30.566414,8564000
2013-05-10,39.099998,39.200001,38.950001,39.200001,30.605450,3237000
2013-05-13,39.099998,39.150002,38.650002,38.650002,30.176039,1900000
2013-05-14,38.700001,39.150002,38.700001,39.099998,30.527372,4121000
2013-05-15,39.099998,39.450001,38.849998,39.450001,30.800634,4894000
2013-05-16,39.450001,39.799999,39.049999,39.700001,30.995825,8766000
2013-05-17,39.849998,39.900002,39.450001,39.500000,30.839674,6848000
2013-05-20,39.500000,39.799999,39.200001,39.250000,30.644487,3994000
2013-05-21,39.400002,39.599998,39.250000,39.500000,30.839674,3770000
2013-05-22,39.750000,39.799999,39.500000,39.700001,30.995825,3374000
2013-05-23,39.599998,39.650002,39.299999,39.349998,30.722561,6379000
2013-05-24,39.599998,39.650002,38.900002,39.150002,30.566414,4932000
2013-05-27,39.150002,39.299999,39.000000,39.299999,30.683523,3704000
2013-05-28,39.500000,39.500000,39.099998,39.299999,30.683523,2655000
2013-05-29,39.299999,39.849998,39.299999,39.849998,31.112936,3902000
2013-05-30,39.700001,39.700001,38.700001,38.750000,30.254110,6253000
2013-05-31,38.900002,39.500000,38.500000,39.450001,30.800634,14576000
2013-06-03,38.599998,38.700001,38.250000,38.400002,29.980848,8472000
2013-06-04,38.700001,38.700001,38.049999,38.099998,29.746620,6229000
2013-06-05,38.000000,38.049999,37.299999,37.599998,29.356243,10850000
2013-06-06,37.299999,37.750000,37.299999,37.500000,29.278173,5960000
2013-06-07,37.500000,37.900002,37.400002,37.849998,29.551434,4233000
2013-06-10,38.200001,38.500000,38.000000,38.450001,30.019886,5186000
2013-06-11,38.450001,38.450001,38.000000,38.099998,29.746620,6493000
2013-06-13,38.099998,38.200001,37.349998,37.349998,29.161057,12473000
2013-06-14,37.349998,37.650002,37.200001,37.400002,29.200096,6844000
2013-06-17,37.650002,38.799999,37.299999,37.799999,29.512396,4810000
2013-06-18,37.799999,37.799999,37.400002,37.549999,29.317205,9062000
2013-06-19,37.549999,37.799999,37.500000,37.549999,29.317205,8335000
2013-06-20,37.500000,37.549999,37.200001,37.299999,29.122021,10642000
2013-06-21,36.500000,37.099998,35.150002,35.150002,27.443407,26315000
2013-06-24,35.150002,35.299999,34.599998,34.599998,27.013990,18916000
2013-06-25,34.500000,34.500000,33.750000,33.750000,26.350355,19406000
2013-06-26,34.500000,34.799999,33.900002,34.799999,27.170139,17492000
2013-06-27,35.200001,35.549999,34.950001,35.500000,27.716667,9842000
2013-06-28,35.849998,36.950001,35.400002,36.900002,28.809723,12812000
2013-07-01,36.799999,37.200001,36.299999,37.000000,28.887796,7693000
2013-07-02,37.000000,37.200001,35.549999,35.599998,27.794744,15468000
2013-07-03,35.400002,36.549999,35.200001,36.049999,28.146084,13249000
2013-07-04,35.799999,36.500000,35.799999,36.299999,28.341269,4307000
2013-07-05,36.500000,36.799999,36.299999,36.400002,28.419346,6414000
2013-07-08,36.400002,36.500000,35.849998,36.150002,28.224157,4552000
2013-07-09,36.250000,36.500000,36.150002,36.299999,28.341269,5758000
2013-07-10,36.299999,37.099998,36.299999,36.950001,28.848759,9337000
2013-07-11,37.200001,37.400002,37.000000,37.200001,29.043947,8887000
2013-07-12,37.400002,37.849998,37.400002,37.849998,29.551434,9253000
2013-07-15,37.500000,38.000000,37.500000,38.000000,29.668549,7209000
2013-07-16,38.000000,38.099998,37.700001,38.099998,29.746620,5403000
2013-07-17,38.099998,38.299999,37.950001,38.250000,29.863733,7220000
2013-07-18,38.200001,38.500000,38.150002,38.349998,29.941813,7277000
2013-07-19,38.250000,38.750000,38.200001,38.599998,30.136997,8801000
2013-07-22,38.750000,38.849998,38.599998,38.799999,30.293146,7139000
2013-07-23,38.950001,39.150002,38.700001,39.099998,30.527372,10408000
2013-07-24,39.099998,39.099998,38.500000,38.500000,30.058924,10243000
2013-07-25,36.799999,37.250000,36.700001,36.799999,30.223177,7023000
2013-07-26,37.250000,37.250000,36.349998,36.750000,30.182112,7851000
2013-07-29,36.900002,37.099998,36.349998,36.349998,29.853601,5065000
2013-07-30,37.049999,37.200001,36.599998,37.150002,30.510630,7005000
2013-07-31,37.000000,37.250000,36.599998,36.650002,30.099987,5596000
2013-08-01,37.150002,37.200001,36.799999,37.000000,30.387436,4245000
2013-08-02,37.400002,37.400002,36.900002,37.200001,30.551693,4466000
2013-08-05,37.200001,37.200001,36.700001,36.950001,30.346371,4115000
2013-08-06,36.950001,36.950001,36.250000,36.400002,29.894667,7138000
2013-08-07,36.250000,37.000000,36.099998,36.900002,30.305309,7509000
2013-08-08,36.900002,37.200001,36.450001,37.000000,30.387436,6440000
2013-08-09,37.349998,37.400002,36.549999,36.549999,30.017857,7020000
2013-08-12,37.000000,38.450001,36.900002,38.349998,31.496168,18742000
2013-08-13,38.500000,38.900002,38.099998,38.900002,31.947872,16333000
2013-08-14,38.900002,39.000000,38.200001,38.599998,31.701485,9193000
2013-08-15,38.599998,38.900002,37.700001,38.700001,31.783613,8777000
2013-08-16,38.500000,39.099998,38.400002,38.950001,31.988937,12268000
2013-08-19,39.049999,39.099998,38.599998,38.799999,31.865740,8366000
2013-08-20,38.599998,38.799999,38.000000,38.299999,31.455101,6060000
2013-08-22,37.799999,39.000000,37.500000,39.000000,32.029995,14697000
2013-08-23,39.000000,39.000000,38.500000,38.750000,31.824678,4388000
2013-08-26,39.000000,39.000000,38.400002,38.950001,31.988937,3789000
2013-08-27,38.500000,38.750000,38.049999,38.049999,31.249781,5539000
2013-08-28,37.799999,38.599998,37.750000,38.450001,31.578295,6312000
2013-08-29,38.450001,38.900002,38.450001,38.799999,31.865740,4773000
2013-08-30,38.950001,39.500000,38.750000,39.500000,32.440639,18838000
2013-09-02,39.599998,39.599998,39.150002,39.450001,32.399574,8559000
2013-09-03,39.500000,39.599998,38.900002,39.200001,32.194256,5645000
2013-09-04,39.299999,39.500000,38.849998,39.500000,32.440639,7957000
2013-09-05,39.650002,39.750000,39.549999,39.700001,32.604897,8241000
2013-09-06,39.700001,39.799999,39.500000,39.750000,32.645962,6553000
2013-09-09,39.349998,39.799999,39.299999,39.750000,32.645962,6646000
2013-09-10,39.250000,40.000000,39.250000,40.000000,32.851284,11393000
2013-09-11,39.799999,40.000000,39.700001,40.000000,32.851284,11281000
2013-09-12,40.400002,40.750000,40.250000,40.700001,33.426182,12940000
2013-09-13,40.250000,40.500000,40.000000,40.200001,33.015537,7601000
2013-09-16,39.799999,41.250000,39.799999,41.150002,33.795753,13171000
2013-09-17,41.000000,41.000000,40.500000,40.799999,33.508305,9928000
2013-09-18,41.000000,41.099998,40.650002,40.650002,33.385117,8637000
2013-09-23,40.799999,42.049999,40.799999,41.900002,34.411720,16598000
2013-09-24,41.900002,42.000000,41.200001,41.500000,34.083202,8958000
2013-09-25,41.799999,41.799999,41.049999,41.700001,34.247459,10983000
2013-09-26,41.700001,41.750000,41.049999,41.700001,34.247459,11185000
2013-09-27,41.799999,43.150002,41.799999,43.000000,35.315128,21564000
2013-09-30,43.000000,43.250000,41.900002,42.799999,35.150867,15070000
2013-10-01,43.000000,43.000000,41.599998,41.700001,34.247459,8677000
2013-10-02,41.700001,42.799999,41.500000,42.299999,34.740231,10558000
2013-10-03,42.500000,43.000000,42.500000,42.599998,34.986614,8018000
2013-10-04,42.200001,43.000000,42.200001,43.000000,35.315128,8914000
2013-10-07,42.950001,42.950001,42.500000,42.750000,35.109806,7922000
2013-10-08,43.000000,43.599998,42.900002,43.599998,35.807896,9359000
2013-10-09,43.000000,43.400002,42.950001,43.200001,35.479382,8309000
2013-10-11,43.700001,43.950001,42.950001,43.000000,35.315128,6811000
2013-10-14,43.000000,44.250000,43.000000,43.200001,35.479382,7221000
2013-10-15,43.400002,43.900002,43.200001,43.900002,36.054283,6928000
2013-10-16,43.900002,44.000000,43.549999,43.849998,36.013214,3497000
2013-10-17,44.200001,44.250000,43.700001,43.950001,36.095348,3031000
2013-10-18,44.200001,44.200001,43.000000,43.650002,35.848961,4960000
2013-10-21,43.049999,43.650002,43.049999,43.200001,35.479382,2703000
2013-10-22,43.200001,43.549999,42.950001,43.200001,35.479382,4812000
2013-10-23,43.450001,43.549999,42.849998,42.900002,35.233002,4456000
2013-10-24,42.500000,42.849998,42.450001,42.799999,35.150867,3923000
2013-10-25,42.049999,42.450001,41.900002,42.099998,34.575974,4874000
2013-10-28,42.099998,42.650002,41.700001,42.650002,35.027683,4357000
2013-10-29,41.900002,42.650002,41.900002,42.500000,34.904488,3586000
2013-10-30,42.000000,42.750000,42.000000,42.750000,35.109806,5007000
2013-10-31,42.000000,42.750000,42.000000,42.750000,35.109806,6407000
2013-11-01,43.150002,43.150002,42.250000,42.400002,34.822357,4959000
2013-11-04,42.299999,42.299999,41.200001,41.549999,34.124268,5320000
2013-11-05,41.049999,41.500000,41.000000,41.000000,33.672565,5262000
2013-11-06,41.000000,41.349998,40.500000,40.799999,33.508305,7071000
2013-11-07,40.799999,41.049999,40.450001,41.049999,33.713627,6365000
2013-11-08,40.250000,41.049999,40.250000,41.049999,33.713627,4889000
2013-11-11,40.299999,41.000000,40.299999,41.000000,33.672565,5190000
2013-11-12,40.750000,41.700001,40.599998,41.599998,34.165333,8860000
2013-11-13,42.000000,42.000000,40.299999,41.000000,33.672565,7286000
2013-11-14,40.450001,41.000000,40.450001,41.000000,33.672565,4743000
2013-11-15,41.500000,42.450001,41.200001,42.450001,34.863422,9949000
2013-11-18,42.650002,43.450001,42.599998,43.000000,35.315128,9748000
2013-11-19,43.400002,44.250000,43.099998,43.900002,36.054283,17822000
2013-11-20,43.200001,43.450001,42.549999,42.549999,34.945549,14524000
2013-11-21,42.799999,42.799999,42.099998,42.099998,34.575974,10124000
2013-11-22,42.200001,42.950001,42.049999,42.599998,34.986614,10602000
2013-11-25,43.000000,44.000000,42.900002,43.650002,35.848961,16196000
2013-11-26,43.299999,45.599998,43.299999,43.599998,35.807896,33992000
2013-11-27,44.450001,45.599998,44.200001,45.000000,36.957691,25518000
2013-11-28,45.700001,46.500000,45.700001,46.000000,37.778973,13869000
2013-11-29,46.000000,46.950001,46.000000,46.849998,38.477066,13345000
2013-12-02,46.849998,46.849998,46.049999,46.349998,38.066418,7712000
2013-12-03,46.349998,46.950001,46.049999,46.549999,38.230679,12697000
2013-12-04,46.549999,46.549999,46.049999,46.049999,37.820034,7225000
2013-12-05,46.500000,46.500000,45.900002,46.049999,37.820034,9880000
2013-12-06,45.599998,45.900002,44.349998,44.349998,36.423855,14768000
2013-12-09,45.450001,45.599998,44.650002,44.799999,36.793438,9613000
2013-12-10,45.000000,45.000000,44.500000,45.000000,36.957691,6845000
2013-12-11,45.000000,45.500000,44.799999,45.299999,37.204075,8845000
2013-12-12,45.500000,46.599998,45.099998,46.400002,38.107487,16667000
2013-12-13,46.400002,46.400002,45.500000,45.900002,37.696846,7789000
2013-12-16,45.599998,45.700001,44.950001,44.950001,36.916630,8660000
2013-12-17,45.049999,45.650002,44.799999,44.799999,36.793438,6412000
2013-12-18,45.450001,45.450001,44.500000,44.950001,36.916630,7330000
2013-12-19,45.000000,45.750000,45.000000,45.450001,37.327267,7419000
2013-12-20,45.450001,46.000000,45.200001,45.650002,37.491524,8361000
2013-12-23,45.650002,46.450001,45.650002,45.849998,37.655777,8820000
2013-12-24,45.799999,45.849998,45.349998,45.400002,37.286209,5718000
2013-12-25,45.400002,45.599998,45.150002,45.500000,37.368332,4496000
2013-12-26,45.500000,45.849998,45.349998,45.650002,37.491524,3695000
2013-12-27,45.599998,46.099998,45.549999,45.700001,37.532589,6276000
2013-12-30,46.000000,46.599998,45.750000,46.599998,38.271744,10413000
2013-12-31,46.750000,46.750000,45.950001,46.250000,37.984299,5800000
2014-01-02,45.950001,46.049999,45.250000,45.400002,37.286209,8163000
2014-01-03,45.099998,45.099998,44.500000,44.549999,36.588116,9950000
2014-01-06,44.950001,44.950001,43.599998,43.599998,35.807896,11671000
2014-01-07,43.799999,44.200001,43.750000,44.150002,36.259605,11585000
2014-01-08,44.200001,44.450001,43.650002,43.900002,36.054283,14829000
2014-01-09,44.000000,44.250000,42.549999,42.900002,35.233002,21494000
2014-01-10,42.900002,43.799999,42.700001,43.799999,35.972149,12074000
2014-01-13,44.349998,44.400002,43.299999,43.799999,35.972149,7990000
2014-01-14,43.500000,44.150002,43.400002,44.099998,36.218536,8369000
2014-01-15,44.000000,45.849998,44.000000,44.750000,36.752373,15874000
2014-01-16,45.099998,45.750000,43.900002,44.000000,36.136406,15809000
2014-01-17,44.000000,44.150002,43.700001,43.799999,35.972149,14458000
2014-01-20,44.000000,44.450001,43.849998,44.150002,36.259605,7240000
2014-01-21,44.450001,44.950001,44.200001,44.900002,36.875565,10722000
2014-01-22,44.950001,45.250000,44.900002,45.200001,37.121948,10605000
2014-01-23,45.200001,45.549999,44.700001,45.450001,37.327267,13139000
2014-01-24,45.349998,45.349998,44.250000,45.349998,37.245136,9678000
2014-01-27,44.500000,44.700001,44.000000,44.299999,36.382793,13749000
2014-02-05,42.500000,42.900002,41.349998,42.599998,34.986614,20198000
2014-02-06,42.950001,43.700001,42.650002,43.400002,35.643639,12011000
2014-02-07,43.450001,44.049999,43.450001,43.599998,35.807896,10676000
2014-02-10,43.799999,44.700001,43.750000,44.299999,36.382793,10083000
2014-02-11,44.000000,45.099998,43.799999,44.650002,36.670238,7169000
2014-02-12,45.000000,45.500000,44.799999,45.299999,37.204075,8043000
2014-02-13,44.400002,45.549999,44.400002,45.450001,37.327267,7153000
2014-02-14,45.650002,45.750000,45.349998,45.750000,37.573650,13287000
2014-02-17,45.000000,46.099998,45.000000,46.000000,37.778973,10480000
2014-02-18,45.500000,46.200001,45.500000,46.049999,37.820034,4768000
2014-02-19,46.150002,46.200001,45.400002,45.799999,37.614716,5205000
2014-02-20,45.900002,46.099998,45.549999,45.849998,37.655777,6045000
2014-02-21,46.000000,46.950001,45.849998,46.950001,38.559189,12437000
2014-02-24,46.950001,46.950001,46.599998,46.650002,38.312805,5565000
2014-02-25,46.750000,48.450001,46.750000,47.799999,39.257278,11754000
2014-02-26,47.150002,48.000000,47.099998,47.549999,39.051960,8928000
2014-02-27,47.450001,48.349998,47.349998,48.299999,39.667923,7704000
2014-03-03,48.099998,48.099998,46.950001,47.650002,39.134090,10899000
2014-03-04,47.049999,47.450001,46.500000,46.500000,38.189613,8379000
2014-03-05,46.900002,47.650002,46.900002,47.599998,39.093021,6817000
2014-03-06,47.900002,48.000000,47.099998,47.150002,38.723450,5823000
2014-03-07,47.299999,47.900002,46.750000,47.000000,38.600254,5701000
2014-03-10,46.750000,47.750000,46.750000,47.500000,39.010899,7508000
2014-03-11,47.549999,47.599998,46.450001,46.549999,38.230679,7807000
2014-03-12,46.700001,47.250000,46.400002,47.250000,38.805576,5251000
2014-03-13,47.500000,47.500000,46.650002,47.099998,38.682381,3732000
2014-03-14,46.650002,47.200001,46.500000,47.000000,38.600254,4318000
2014-03-17,47.450001,47.450001,46.700001,47.400002,38.928768,3974000
2014-03-18,47.099998,47.400002,47.000000,47.000000,38.600254,4339000
2014-03-19,47.200001,47.299999,46.700001,46.700001,38.353867,4056000
2014-03-20,46.549999,46.700001,46.099998,46.700001,38.353867,6944000
2014-03-21,46.900002,46.900002,45.950001,45.950001,37.737907,6997000
2014-03-24,45.950001,46.549999,45.799999,46.000000,37.778973,6309000
2014-03-25,46.099998,47.700001,46.099998,47.599998,39.093021,8115000
2014-03-26,47.950001,47.950001,47.049999,47.450001,38.969833,5758000
2014-03-27,46.700001,47.599998,46.700001,47.000000,38.600254,4774000
2014-03-28,47.000000,47.250000,46.900002,47.200001,38.764515,7770000
2014-03-31,47.299999,47.400002,47.000000,47.000000,38.600254,6535000
2014-04-01,47.000000,47.799999,47.000000,47.799999,39.257278,6824000
2014-04-02,47.750000,48.000000,47.049999,47.049999,38.641319,9281000
2014-04-03,47.500000,48.450001,47.099998,47.200001,38.764515,12681000
2014-04-07,47.200001,47.349998,46.700001,47.299999,38.846638,15689000
2014-04-08,47.150002,47.549999,46.900002,46.900002,38.518131,11644000
2014-04-09,47.000000,47.799999,47.000000,47.799999,39.257278,6190000
2014-04-10,48.200001,49.500000,48.049999,49.500000,40.653461,18227000
2014-04-11,49.500000,49.549999,48.900002,49.500000,40.653461,9683000
2014-04-14,49.000000,49.150002,47.950001,48.299999,39.667923,9741000
2014-04-15,49.000000,49.500000,48.549999,48.549999,39.873241,10458000
2014-04-16,48.549999,49.799999,48.200001,48.400002,39.750050,8704000
2014-04-17,48.500000,48.799999,48.200001,48.450001,39.791115,5120000
2014-04-18,48.700001,49.000000,48.500000,49.000000,40.242817,2135000
2014-04-21,48.900002,49.200001,48.599998,49.099998,40.324947,2316000
2014-04-22,49.099998,49.099998,48.599998,48.750000,40.037498,3710000
2014-04-23,48.799999,49.450001,48.500000,48.549999,39.873241,6539000
2014-04-24,48.500000,48.500000,48.099998,48.150002,39.544727,5569000
2014-04-25,48.000000,48.150002,46.450001,46.500000,38.189613,9414000
2014-04-28,46.500000,47.799999,46.349998,47.599998,39.093021,10288000
2014-04-29,47.599998,48.099998,47.250000,47.849998,39.298344,6513000
2014-04-30,47.849998,48.200001,47.799999,47.900002,39.339409,5937000
2014-05-02,47.900002,48.150002,47.250000,47.450001,38.969833,5312000
2014-05-05,47.450001,47.599998,46.799999,46.950001,38.559189,4856000
2014-05-06,46.849998,47.049999,46.650002,46.799999,38.436001,5958000
2014-05-07,46.599998,46.650002,46.000000,46.000000,37.778973,11822000
2014-05-08,46.099998,46.200001,45.500000,45.700001,37.532589,12499000
2014-05-09,45.500000,45.700001,44.750000,45.299999,37.204075,13250000
2014-05-12,44.900002,45.000000,44.000000,44.200001,36.300667,13653000
2014-05-13,44.200001,44.549999,43.849998,44.000000,36.136406,19507000
2014-05-14,44.099998,44.349998,43.900002,44.299999,36.382793,17972000
2014-05-15,44.299999,45.400002,44.150002,45.299999,37.204075,10422000
2014-05-16,45.200001,45.900002,45.049999,45.900002,37.696846,12466000
2014-05-19,45.700001,45.700001,44.349998,44.500000,36.547050,15474000
2014-05-20,44.049999,45.000000,43.799999,44.400002,36.464920,15449000
2014-05-21,44.099998,44.549999,43.900002,44.000000,36.136406,14598000
2014-05-22,44.000000,44.450001,43.849998,44.099998,36.218536,18861000
2014-05-23,43.900002,44.750000,43.900002,44.200001,36.300667,17143000
2014-05-26,44.200001,44.450001,43.900002,44.150002,36.259605,14076000
2014-05-27,44.299999,45.150002,44.099998,45.099998,37.039818,8790000
2014-05-28,45.099998,45.299999,44.599998,44.700001,36.711308,12702000
2014-05-29,44.549999,45.099998,44.549999,44.750000,36.752373,9338000
2014-05-30,44.500000,45.099998,44.500000,44.599998,36.629177,10804000
2014-06-03,44.599998,45.000000,44.150002,44.349998,36.423855,10671000
2014-06-04,44.150002,44.950001,44.150002,44.500000,36.547050,8127000
2014-06-05,44.500000,45.150002,44.200001,45.000000,36.957691,10838000
2014-06-06,45.299999,46.000000,45.200001,46.000000,37.778973,9492000
2014-06-09,46.049999,46.349998,45.200001,46.299999,38.025356,10525000
2014-06-10,45.799999,46.250000,45.400002,46.150002,37.902168,12184000
2014-06-11,45.950001,45.950001,45.549999,45.799999,37.614716,6665000
2014-06-12,45.549999,45.799999,45.349998,45.450001,37.327267,3978000
2014-06-13,45.000000,45.349998,44.799999,44.849998,36.834499,8622000
2014-06-16,44.849998,45.049999,44.700001,44.750000,36.752373,5929000
2014-06-17,45.000000,45.150002,44.549999,44.700001,36.711308,11499000
2014-06-18,44.849998,45.099998,44.450001,45.049999,36.998753,13809000
2014-06-19,45.000000,45.200001,44.849998,45.000000,36.957691,6796000
2014-06-20,45.000000,45.150002,44.700001,44.799999,36.793438,8073000
2014-06-23,44.799999,44.900002,44.400002,44.400002,36.464920,7561000
2014-06-24,44.700001,45.000000,44.549999,45.000000,36.957691,3646000
2014-06-25,45.049999,45.099998,44.500000,44.650002,36.670238,6396000
2014-06-26,44.500000,44.799999,44.250000,44.650002,36.670238,7971000
2014-06-27,44.650002,44.799999,44.599998,44.750000,36.752373,4165000
2014-06-30,44.750000,45.200001,44.650002,45.200001,37.121948,4885000
2014-07-01,45.200001,46.400002,45.049999,46.200001,37.943233,12488000
2014-07-02,46.200001,46.299999,45.099998,45.400002,37.286209,12003000
2014-07-03,45.400002,45.650002,45.200001,45.400002,37.286209,12358000
2014-07-04,45.400002,45.849998,45.299999,45.700001,37.532589,8412000
2014-07-07,45.700001,45.849998,45.400002,45.700001,37.532589,6209000
2014-07-08,45.599998,45.799999,45.500000,45.700001,37.532589,5255000
2014-07-09,45.500000,45.799999,45.500000,45.700001,37.532589,8081000
2014-07-10,45.799999,46.099998,45.400002,45.700001,37.532589,14012000
2014-07-11,45.500000,45.700001,45.200001,45.500000,37.368332,8777000
2014-07-14,45.500000,45.599998,45.049999,45.200001,37.121948,9521000
2014-07-15,45.500000,45.500000,45.099998,45.299999,37.204075,10095000
2014-07-16,45.500000,46.299999,45.400002,46.200001,37.943233,20895000
2014-07-17,44.000000,44.000000,43.500000,43.700001,37.770367,17760000
2014-07-18,43.700001,44.000000,43.599998,43.799999,37.856796,4458000
2014-07-21,44.099998,44.299999,44.000000,44.200001,38.202526,4294000
2014-07-22,44.200001,44.250000,43.799999,44.000000,38.029663,4998000
2014-07-23,44.000000,44.000000,44.000000,44.000000,38.029663,0
2014-07-24,44.000000,44.200001,43.650002,44.000000,38.029663,7524000
2014-07-25,44.000000,44.250000,43.650002,44.000000,38.029663,5738000
2014-07-28,44.000000,44.299999,44.000000,44.049999,38.072876,7056000
2014-07-29,44.299999,45.500000,44.200001,45.500000,39.326126,17094000
2014-07-30,45.900002,46.000000,45.200001,45.700001,39.498985,17733000
2014-07-31,45.750000,45.750000,44.500000,44.849998,38.764324,8814000
2014-08-01,44.700001,45.000000,44.400002,44.450001,38.418598,6418000
2014-08-04,45.000000,45.549999,44.500000,45.549999,39.369343,10516000
2014-08-05,45.549999,45.599998,44.250000,44.299999,38.288952,11871000
2014-08-06,44.299999,44.750000,43.849998,44.200001,38.202526,8082000
2014-08-07,44.750000,44.750000,44.200001,44.599998,38.548244,8286000
2014-08-08,44.599998,44.799999,44.099998,44.799999,38.721111,6487000
2014-08-11,44.900002,45.200001,44.799999,44.900002,38.807541,6079000
2014-08-12,45.200001,45.200001,44.400002,45.000000,38.893970,4461000
2014-08-13,45.000000,45.500000,45.000000,45.500000,39.326126,7201000
2014-08-14,45.750000,45.950001,44.900002,45.950001,39.715065,9000000
2014-08-15,46.099998,46.099998,45.549999,45.950001,39.715065,6045000
2014-08-18,45.950001,46.200001,45.549999,45.599998,39.412556,8452000
2014-08-19,46.000000,46.349998,45.849998,46.299999,40.017574,12378000
2014-08-20,46.400002,47.000000,46.049999,47.000000,40.622593,10995000
2014-08-21,47.200001,47.500000,46.799999,47.500000,41.054749,14516000
2014-08-22,47.700001,49.549999,47.599998,49.549999,42.826580,25529000
2014-08-25,49.549999,49.549999,48.099998,48.299999,41.746197,11125000
2014-08-26,48.150002,48.450001,47.900002,48.400002,41.832630,5237000
2014-08-27,48.400002,48.599998,48.000000,48.299999,41.746197,8385000
2014-08-28,48.150002,48.299999,47.750000,48.200001,41.659767,5290000
2014-08-29,47.799999,48.099998,47.500000,47.500000,41.054749,5869000
2014-09-01,47.500000,48.500000,47.500000,48.500000,41.919060,6037000
2014-09-02,48.400002,48.400002,47.000000,47.099998,40.709019,6874000
2014-09-03,47.200001,47.950001,47.200001,47.750000,41.270824,6560000
2014-09-04,47.700001,47.900002,47.349998,47.900002,41.400471,3377000
2014-09-05,47.549999,47.900002,47.250000,47.299999,40.881882,5807000
2014-09-09,47.500000,47.700001,47.400002,47.650002,41.184395,4975000
2014-09-10,47.500000,47.500000,46.349998,47.099998,40.709019,7433000
2014-09-11,47.099998,47.500000,46.549999,47.150002,40.752235,4231000
2014-09-12,47.500000,47.500000,46.099998,46.099998,39.844711,7030000
2014-09-15,46.299999,47.000000,46.200001,46.750000,40.406513,6517000
2014-09-16,47.000000,47.099998,46.299999,46.299999,40.017574,3929000
2014-09-17,47.000000,47.450001,46.799999,47.299999,40.881882,8751000
2014-09-18,47.500000,47.500000,46.650002,46.700001,40.363297,5720000
2014-09-19,46.900002,47.450001,46.500000,46.950001,40.579376,6945000
2014-09-22,46.799999,46.799999,45.599998,45.799999,39.585415,7677000
2014-09-23,45.950001,46.000000,45.450001,45.450001,39.282913,6291000
2014-09-24,45.450001,46.799999,45.349998,46.700001,40.363297,10211000
2014-09-25,47.000000,47.000000,45.599998,45.849998,39.628632,6364000
2014-09-26,45.400002,45.599998,45.099998,45.299999,39.153259,8250000
2014-09-29,45.799999,45.799999,44.950001,45.000000,38.893970,8701000
2014-09-30,45.099998,45.599998,44.799999,45.299999,39.153259,6347000
2014-10-01,45.500000,45.500000,44.700001,44.799999,38.721111,6924000
2014-10-02,44.549999,44.700001,44.099998,44.700001,38.634678,6816000
2014-10-03,44.799999,45.299999,44.400002,45.099998,38.980400,4024000
2014-10-06,45.250000,45.250000,44.500000,44.799999,38.721111,5063000
2014-10-07,44.799999,45.000000,44.349998,44.750000,38.677895,5815000
2014-10-08,44.750000,45.599998,44.500000,45.349998,39.196476,6013000
2014-10-09,45.500000,46.150002,45.400002,46.000000,39.758278,6777000
2014-10-13,45.000000,45.400002,44.799999,44.799999,38.721111,4818000
2014-10-14,44.799999,45.400002,44.799999,45.150002,39.023617,3343000
2014-10-15,45.349998,46.150002,44.599998,45.500000,39.326126,8552000
2014-10-16,45.500000,45.950001,45.000000,45.500000,39.326126,5624000
2014-10-17,45.700001,45.700001,45.000000,45.250000,39.110046,8114000
2014-10-20,45.549999,45.950001,45.500000,45.549999,39.369343,1814000
2014-10-21,45.799999,45.900002,45.400002,45.400002,39.239697,2758000
2014-10-22,45.799999,45.950001,45.500000,45.549999,39.369343,4028000
2014-10-23,45.549999,45.849998,45.500000,45.750000,39.542202,2947000
2014-10-24,46.000000,46.049999,45.500000,45.750000,39.542202,2490000
2014-10-27,45.900002,46.000000,45.700001,45.849998,39.628632,2724000
2014-10-28,46.200001,47.250000,46.200001,47.099998,40.709019,7554000
2014-10-29,47.200001,47.200001,46.200001,46.750000,40.406513,4506000
2014-10-30,46.549999,46.650002,46.200001,46.450001,40.147221,5090000
2014-10-31,46.599998,46.900002,46.099998,46.450001,40.147221,3734000
2014-11-03,46.900002,46.950001,46.299999,46.799999,40.449730,2791000
2014-11-04,46.950001,47.200001,46.299999,46.299999,40.017574,3975000
2014-11-05,46.650002,46.650002,46.099998,46.299999,40.017574,3453000
2014-11-06,46.400002,46.650002,46.000000,46.049999,39.801495,4263000
2014-11-07,46.049999,46.299999,45.599998,45.650002,39.455772,6419000
2014-11-10,45.599998,46.650002,45.549999,46.200001,39.931145,5571000
2014-11-11,46.599998,46.849998,45.950001,45.950001,39.715065,6010000
2014-11-12,45.400002,45.900002,45.400002,45.650002,39.455772,6568000
2014-11-13,45.700001,45.700001,45.400002,45.650002,39.455772,4088000
2014-11-14,45.500000,45.500000,45.000000,45.000000,38.893970,7009000
2014-11-17,45.400002,45.400002,44.400002,44.599998,38.548244,5576000
2014-11-18,44.599998,45.200001,44.500000,44.950001,38.850754,8442000
2014-11-19,45.500000,45.599998,44.799999,44.799999,38.721111,9999000
2014-11-20,45.400002,46.049999,45.049999,46.000000,39.758278,5247000
2014-11-21,45.950001,46.000000,45.250000,45.299999,39.153259,8130000
2014-11-24,45.599998,46.400002,45.549999,46.150002,39.887932,8447000
2014-11-25,46.150002,46.200001,45.500000,45.500000,39.326126,5349000
2014-11-26,45.799999,45.799999,45.299999,45.299999,39.153259,5313000
2014-11-27,45.349998,45.799999,45.299999,45.349998,39.196476,3885000
2014-11-28,45.349998,45.700001,45.299999,45.450001,39.282913,4130000
2014-12-01,45.000000,45.599998,44.900002,45.200001,39.066830,5304000
2014-12-02,45.150002,45.500000,44.900002,45.349998,39.196476,5510000
2014-12-03,45.450001,45.450001,44.900002,45.200001,39.066830,6322000
2014-12-04,45.000000,45.700001,45.000000,45.150002,39.023617,7429000
2014-12-05,45.500000,45.599998,45.099998,45.349998,39.196476,2728000
2014-12-08,45.750000,45.750000,45.299999,45.599998,39.412556,2309000
2014-12-09,45.700001,45.700001,45.049999,45.250000,39.110046,6290000
2014-12-10,45.049999,45.200001,44.599998,44.849998,38.764324,8464000
2014-12-11,45.000000,45.000000,44.500000,44.500000,38.461815,9993000
2014-12-12,44.500000,44.549999,44.150002,44.200001,38.202526,10568000
2014-12-15,44.049999,44.049999,43.250000,43.450001,37.554291,11467000
2014-12-16,43.400002,44.099998,43.400002,43.400002,37.511078,10367000
2014-12-17,43.299999,43.299999,41.549999,41.549999,35.912098,19977000
2014-12-18,41.849998,42.250000,41.750000,42.000000,36.301041,14286000
2014-12-19,42.500000,42.599998,41.900002,42.299999,36.560329,11821000
2014-12-22,42.099998,42.700001,42.099998,42.450001,36.689980,10156000
2014-12-23,42.849998,42.900002,42.599998,42.900002,37.078918,5522000
2014-12-24,43.000000,43.099998,42.700001,42.950001,37.122131,6628000
2014-12-25,43.000000,43.150002,42.750000,43.150002,37.294994,4353000
2014-12-26,43.099998,43.099998,42.900002,43.000000,37.165348,5452000
2014-12-29,43.000000,43.900002,43.000000,43.400002,37.511078,7207000
2014-12-30,43.500000,43.849998,43.200001,43.549999,37.640717,3340000
2014-12-31,43.450001,43.599998,43.000000,43.400002,37.511078,6281000
2015-01-05,43.400002,43.400002,42.799999,43.000000,37.165348,2830000
2015-01-06,42.500000,42.599998,42.099998,42.250000,36.517117,7640000
2015-01-07,42.250000,42.549999,41.849998,42.099998,36.387466,8710000
2015-01-08,42.250000,42.650002,42.099998,42.250000,36.517117,8691000
2015-01-09,42.299999,42.599998,41.799999,41.799999,36.128174,10475000
2015-01-12,41.599998,41.700001,40.599998,40.750000,35.220650,14736000
2015-01-13,40.700001,41.400002,40.500000,41.299999,35.696022,9061000
2015-01-14,41.299999,41.700001,40.900002,41.299999,35.696022,10402000
2015-01-15,41.299999,41.700001,41.150002,41.450001,35.825668,7702000
2015-01-16,41.450001,41.650002,41.000000,41.450001,35.825668,13336000
2015-01-19,41.700001,42.250000,41.549999,41.700001,36.041744,9370000
2015-01-20,41.700001,42.000000,41.349998,41.799999,36.128174,9040000
2015-01-21,42.000000,42.099998,41.500000,41.599998,35.955311,9829000
2015-01-22,41.599998,42.150002,41.549999,42.000000,36.301041,7720000
2015-01-23,42.299999,42.299999,42.049999,42.250000,36.517117,5682000
2015-01-26,42.250000,42.500000,42.049999,42.500000,36.733192,4787000
2015-01-27,42.650002,42.700001,42.500000,42.700001,36.906059,4669000
2015-01-28,42.500000,42.950001,42.500000,42.950001,37.122131,5934000
2015-01-29,42.700001,42.750000,42.099998,42.099998,36.387466,8885000
2015-01-30,42.450001,42.900002,42.299999,42.599998,36.819626,10355000
2015-02-02,42.599998,42.799999,42.299999,42.750000,36.949272,3471000
2015-02-03,42.950001,42.950001,42.500000,42.500000,36.733192,5579000
2015-02-04,42.000000,42.599998,42.000000,42.250000,36.517117,6575000
2015-02-05,42.250000,42.349998,42.150002,42.200001,36.473900,5063000
2015-02-06,42.200001,42.549999,42.049999,42.549999,36.776413,3100000
2015-02-09,42.500000,42.500000,42.099998,42.200001,36.473900,3196000
2015-02-10,42.000000,42.549999,41.900002,42.200001,36.473900,7022000
2015-02-11,42.000000,42.299999,41.549999,41.549999,35.912098,7570000
2015-02-12,41.549999,42.250000,41.549999,42.250000,36.517117,5079000
2015-02-13,41.900002,42.299999,41.849998,42.150002,36.430687,4631000
2015-02-24,42.400002,42.900002,42.349998,42.849998,37.035702,11608000
2015-02-25,42.950001,43.200001,42.599998,42.750000,36.949272,7118000
2015-02-26,43.000000,43.200001,42.849998,42.950001,37.122131,7382000
2015-03-02,43.299999,43.299999,42.549999,42.650002,36.862843,5934000
2015-03-03,42.950001,43.250000,42.750000,43.250000,37.381424,6690000
2015-03-04,43.200001,43.599998,43.049999,43.599998,37.683933,6041000
2015-03-05,43.599998,43.599998,43.000000,43.000000,37.165348,4540000
2015-03-06,43.200001,43.549999,42.900002,43.349998,37.467857,4653000
2015-03-09,43.000000,43.000000,42.200001,42.599998,36.819626,8528000
2015-03-10,42.599998,42.599998,42.099998,42.099998,36.387466,6951000
2015-03-11,41.650002,41.950001,41.500000,41.500000,35.868881,10172000
2015-03-12,41.500000,42.250000,41.400002,42.000000,36.301041,8009000
2015-03-13,42.150002,42.599998,42.049999,42.250000,36.517117,5764000
2015-03-16,42.000000,42.349998,41.750000,41.750000,36.084961,5662000
2015-03-17,41.799999,42.349998,41.799999,41.849998,36.171394,4353000
2015-03-18,41.900002,42.599998,41.849998,42.299999,36.560329,5639000
2015-03-19,42.549999,43.200001,42.349998,43.049999,37.208561,9310000
2015-03-20,42.299999,42.599998,42.099998,42.250000,36.517117,9886000
2015-03-23,42.250000,42.549999,42.250000,42.500000,36.733192,3698000
2015-03-24,42.299999,42.500000,41.799999,42.000000,36.301041,5895000
2015-03-25,41.900002,42.150002,41.750000,42.000000,36.301041,6732000
2015-03-26,41.799999,42.200001,41.750000,42.200001,36.473900,5345000
2015-03-27,42.000000,42.250000,41.900002,42.000000,36.301041,5464000
2015-03-30,42.750000,42.950001,42.500000,42.750000,36.949272,7752000
2015-03-31,43.200001,44.200001,43.000000,44.099998,38.116093,17396000
2015-04-01,44.000000,44.349998,43.150002,43.549999,37.640717,11727000
2015-04-02,43.700001,44.250000,43.200001,43.250000,37.381424,6738000
2015-04-07,43.400002,44.150002,43.400002,44.000000,38.029663,9553000
2015-04-08,44.349998,44.349998,43.549999,43.799999,37.856796,7556000
2015-04-09,44.150002,44.349998,43.799999,44.000000,38.029663,12722000
2015-04-10,44.200001,44.250000,43.750000,43.750000,37.813580,7437000
2015-04-13,43.750000,43.750000,43.150002,43.650002,37.727150,4934000
2015-04-14,43.299999,43.799999,43.200001,43.700001,37.770367,4153000
2015-04-15,43.400002,43.500000,43.049999,43.500000,37.597504,9823000
2015-04-16,43.500000,43.750000,43.299999,43.750000,37.813580,7952000
2015-04-17,43.299999,43.849998,43.299999,43.599998,37.683933,6907000
2015-04-20,43.450001,43.500000,42.950001,43.400002,37.511078,5727000
2015-04-21,43.500000,43.750000,43.400002,43.750000,37.813580,5245000
2015-04-22,43.750000,43.799999,43.400002,43.750000,37.813580,6263000
2015-04-23,43.799999,45.250000,43.750000,45.099998,38.980400,16569000
2015-04-24,45.299999,45.400002,44.900002,44.950001,38.850754,14737000
2015-04-27,44.950001,45.049999,44.700001,44.700001,38.634678,9085000
2015-04-28,44.700001,44.900002,43.599998,43.950001,37.986443,14581000
2015-04-29,43.500000,44.099998,43.500000,43.599998,37.683933,8931000
2015-04-30,43.500000,43.900002,43.500000,43.599998,37.683933,7057000
2015-05-04,43.799999,43.900002,43.400002,43.400002,37.511078,2268000
2015-05-05,43.599998,43.799999,43.299999,43.299999,37.424644,3252000
2015-05-06,43.299999,43.450001,43.150002,43.150002,37.294994,2950000
2015-05-07,43.150002,43.200001,42.349998,42.400002,36.646763,7353000
2015-05-08,42.500000,43.049999,42.500000,42.549999,36.776413,4376000
2015-05-11,42.599998,43.000000,42.599998,42.650002,36.862843,4054000
2015-05-12,43.000000,43.049999,42.599998,42.849998,37.035702,4598000
2015-05-13,42.849998,43.349998,42.849998,43.200001,37.338211,4714000
2015-05-14,43.000000,43.000000,42.500000,42.700001,36.906059,4190000
2015-05-15,42.700001,42.950001,42.349998,42.500000,36.733192,4943000
2015-05-18,42.099998,43.000000,41.799999,43.000000,37.165348,6721000
2015-05-19,43.000000,43.099998,42.500000,42.599998,36.819626,5431000
2015-05-20,42.700001,42.700001,42.250000,42.549999,36.776413,6378000
2015-05-21,42.400002,42.400002,41.549999,41.700001,36.041744,7555000
2015-05-22,41.700001,41.900002,41.650002,41.750000,36.084961,5396000
2015-05-25,41.750000,41.950001,41.599998,41.900002,36.214611,4898000
2015-05-26,41.900002,42.200001,41.900002,42.000000,36.301041,3929000
2015-05-27,42.150002,42.150002,41.900002,42.000000,36.301041,2737000
2015-05-28,42.000000,42.200001,41.900002,41.900002,36.214611,7241000
2015-05-29,41.900002,42.099998,41.700001,41.700001,36.041744,8519000
2015-06-01,41.700001,42.099998,41.049999,41.099998,35.523155,6320000
2015-06-02,41.099998,41.099998,40.299999,40.400002,34.918144,8586000
2015-06-03,40.400002,40.549999,40.000000,40.150002,34.702065,6607000
2015-06-04,40.000000,40.000000,37.650002,38.799999,33.535244,13558000
2015-06-05,38.750000,39.099998,38.549999,38.950001,33.664890,7952000
2015-06-08,39.000000,40.349998,38.950001,39.900002,34.485989,8279000
2015-06-09,39.650002,39.650002,38.849998,38.849998,33.578457,5111000
2015-06-10,39.000000,39.049999,38.700001,38.799999,33.535244,6291000
2015-06-11,38.799999,38.950001,37.799999,38.150002,32.973446,11016000
2015-06-12,38.099998,38.549999,37.950001,38.000000,32.843796,7610000
2015-06-15,37.799999,38.700001,37.750000,38.000000,32.843796,6125000
2015-06-16,38.150002,38.400002,37.849998,38.000000,32.843796,5202000
2015-06-17,38.650002,38.650002,37.799999,37.849998,32.714149,10573000
2015-06-18,37.849998,38.150002,37.849998,37.900002,32.757366,6466000
2015-06-22,37.900002,38.700001,37.900002,38.000000,32.843796,6516000
2015-06-23,38.500000,38.650002,38.250000,38.549999,33.319168,6088000
2015-06-24,38.900002,38.900002,38.549999,38.900002,33.621677,5468000
2015-06-25,38.900002,39.400002,38.900002,39.099998,33.794540,8739000
2015-06-26,39.099998,39.500000,39.099998,39.450001,34.097046,5386000
2015-06-29,39.200001,39.200001,38.849998,38.849998,33.578457,4574000
2015-06-30,38.700001,39.500000,38.700001,38.950001,33.664890,8856000
2015-07-01,38.799999,40.200001,38.799999,40.000000,34.572418,5728000
2015-07-02,40.150002,40.299999,39.799999,40.000000,34.572418,6514000
2015-07-03,39.799999,40.099998,39.450001,40.099998,34.658848,4149000
2015-07-06,39.950001,40.000000,39.500000,39.549999,34.183475,4584000
2015-07-07,39.549999,39.900002,39.000000,39.000000,33.708107,5422000
2015-07-08,38.799999,39.049999,37.950001,37.950001,32.800583,10945000
2015-07-09,37.849998,37.900002,37.400002,37.700001,32.584507,8444000
2015-07-10,37.700001,37.700001,37.700001,37.700001,32.584507,0
2015-07-13,37.799999,39.400002,37.700001,39.049999,33.751324,7633000
2015-07-14,39.099998,40.250000,39.049999,40.150002,34.702065,9795000
2015-07-15,39.599998,40.599998,39.599998,40.299999,34.831711,9549000
2015-07-16,40.000000,40.099998,39.549999,39.799999,34.399559,8849000
2015-07-17,39.599998,39.799999,39.500000,39.799999,34.399559,7204000
2015-07-20,40.000000,40.200001,39.599998,39.599998,34.226692,8203000
2015-07-21,39.549999,39.799999,39.150002,39.450001,34.097046,9070000
2015-07-22,39.200001,39.349998,38.900002,39.099998,33.794540,9315000
2015-07-23,36.750000,37.500000,36.700001,37.349998,34.477627,8070000
2015-07-24,37.299999,37.349998,36.799999,36.799999,33.969925,6715000
2015-07-27,36.500000,36.500000,35.849998,36.000000,33.231449,8281000
2015-07-28,35.650002,35.750000,34.799999,35.099998,32.400661,11213000
2015-07-29,35.099998,35.150002,34.500000,34.650002,31.985271,8518000
2015-07-30,34.500000,35.000000,34.450001,34.799999,32.123734,7175000
2015-07-31,34.799999,34.799999,33.900002,34.200001,31.569880,8523000
2015-08-03,34.099998,34.099998,33.450001,33.950001,31.339104,7710000
2015-08-04,34.099998,34.349998,33.950001,34.349998,31.708340,9691000
2015-08-05,34.349998,34.450001,33.900002,34.349998,31.708340,8811000
2015-08-06,34.299999,34.299999,33.200001,33.250000,30.692936,17750000
2015-08-07,32.349998,34.049999,32.299999,33.750000,31.154484,7156000
2015-08-10,34.549999,34.599998,34.250000,34.450001,31.800652,6978000
2015-08-11,34.450001,34.599998,34.099998,34.099998,31.477568,8912000
2015-08-12,33.700001,34.150002,33.599998,34.000000,31.385256,6433000
2015-08-13,33.849998,34.099998,33.400002,33.900002,31.292950,8635000
2015-08-14,33.849998,33.849998,33.200001,33.500000,30.923712,6618000
2015-08-17,33.500000,33.799999,33.450001,33.500000,30.923712,4600000
2015-08-18,33.549999,34.000000,33.450001,33.799999,31.200638,5145000
2015-08-19,33.650002,34.099998,33.599998,33.750000,31.154484,5561000
2015-08-20,33.799999,33.950001,33.000000,33.400002,30.831400,6839000
2015-08-21,33.150002,33.200001,32.299999,32.299999,29.815994,6968000
2015-08-24,31.400000,32.299999,30.049999,32.000000,29.539066,13285000
2015-08-25,32.000000,32.099998,31.350000,32.000000,29.539066,13754000
2015-08-26,32.000000,32.250000,31.799999,32.049999,29.585220,6972000
2015-08-27,32.049999,32.900002,32.049999,32.599998,30.092922,7190000
2015-08-28,33.750000,35.099998,33.200001,34.849998,32.169891,8032000
2015-08-31,35.000000,35.049999,34.000000,34.849998,32.169891,7477000
2015-09-01,34.799999,34.849998,34.049999,34.349998,31.708340,5785000
2015-09-02,34.000000,34.250000,33.599998,34.000000,31.385256,6048000
2015-09-03,34.000000,34.099998,33.750000,33.950001,31.339104,4918000
2015-09-04,33.700001,34.250000,33.700001,33.900002,31.292950,6144000
2015-09-07,33.250000,33.950001,33.250000,33.500000,30.923712,3896000
2015-09-08,33.500000,33.950001,33.299999,33.500000,30.923712,4941000
2015-09-09,34.400002,35.549999,34.099998,35.450001,32.723747,10415000
2015-09-10,35.349998,35.650002,34.799999,35.650002,32.908367,4656000
2015-09-11,35.099998,35.500000,35.000000,35.250000,32.539127,3120000
2015-09-14,35.650002,35.650002,35.150002,35.450001,32.723747,3000000
2015-09-15,35.799999,35.900002,35.400002,35.599998,32.862209,3151000
2015-09-16,35.900002,35.900002,35.400002,35.500000,32.769901,4620000
2015-09-17,35.849998,35.849998,35.500000,35.549999,32.816059,5694000
2015-09-18,35.549999,35.549999,35.049999,35.200001,32.492973,4899000
2015-09-21,34.750000,34.849998,34.200001,34.549999,31.892960,2881000
2015-09-22,34.599998,35.000000,34.500000,34.750000,32.077579,2487000
2015-09-23,34.599998,34.599998,33.650002,34.450001,31.800652,5303000
2015-09-24,34.450001,34.450001,33.200001,33.200001,30.646782,5753000
2015-09-25,33.500000,33.549999,32.750000,32.900002,30.369854,2635000
2015-09-29,32.900002,32.900002,32.900002,32.900002,30.369854,0
2015-09-30,32.349998,33.349998,32.349998,33.349998,30.785242,8212000
2015-10-01,33.299999,34.200001,32.700001,34.099998,31.477568,6802000
2015-10-02,34.150002,34.200001,33.799999,34.000000,31.385256,2899000
2015-10-05,34.349998,34.750000,34.250000,34.500000,31.846806,4290000
2015-10-06,34.700001,35.349998,34.599998,35.250000,32.539127,5837000
2015-10-07,35.299999,36.549999,34.799999,36.549999,33.739151,9474000
2015-10-08,36.549999,36.549999,35.700001,36.250000,33.462227,6206000
2015-10-12,36.500000,37.500000,36.299999,37.500000,34.616093,7903000
2015-10-13,37.349998,37.349998,36.250000,36.700001,33.877617,6663000
2015-10-14,36.250000,36.450001,36.099998,36.250000,33.462227,2642000
2015-10-15,36.700001,36.950001,36.250000,36.900002,34.062237,4853000
2015-10-16,37.400002,37.400002,36.799999,37.049999,34.200699,5953000
2015-10-19,37.549999,38.000000,37.400002,38.000000,35.077641,11326000
2015-10-20,38.000000,38.000000,36.750000,37.150002,34.293011,10300000
2015-10-21,37.250000,37.400002,36.700001,36.950001,34.108395,1968000
2015-10-22,36.849998,37.000000,36.500000,36.500000,33.692997,2696000
2015-10-23,37.200001,37.250000,36.650002,36.700001,33.877617,4689000
2015-10-26,37.200001,37.400002,36.849998,37.299999,34.431473,4541000
2015-10-27,37.299999,37.400002,36.549999,37.200001,34.339165,5050000
2015-10-28,37.099998,37.500000,37.000000,37.400002,34.523785,5084000
2015-10-29,37.099998,37.150002,36.150002,36.150002,33.369915,6966000
2015-10-30,36.150002,36.650002,36.150002,36.200001,33.416069,3159000
2015-11-02,36.799999,36.799999,36.250000,36.349998,33.554531,1805000
2015-11-03,36.549999,37.299999,36.549999,36.900002,34.062237,3902000
2015-11-04,37.400002,37.900002,36.900002,37.099998,34.246853,6343000
2015-11-05,37.450001,37.500000,36.950001,37.000000,34.154549,4945000
2015-11-06,36.900002,37.000000,36.000000,36.299999,33.508377,7711000
2015-11-09,36.299999,36.599998,36.000000,36.250000,33.462227,3265000
2015-11-10,36.200001,36.200001,35.400002,35.400002,32.677593,5215000
2015-11-11,35.900002,35.900002,34.500000,34.500000,31.846806,7988000
2015-11-12,34.500000,34.799999,34.250000,34.250000,31.616034,3914000
2015-11-13,34.250000,34.599998,33.799999,33.799999,31.200638,7013000
2015-11-16,33.700001,33.750000,33.299999,33.299999,30.739090,4494000
2015-11-17,33.799999,33.849998,33.299999,33.299999,30.739090,4237000
2015-11-18,33.299999,33.599998,32.549999,32.549999,30.046768,5557000
2015-11-19,32.849998,33.000000,31.400000,32.000000,29.539066,16244000
2015-11-20,32.000000,32.049999,31.450001,31.450001,29.031364,9528000
2015-11-23,31.500000,31.750000,31.400000,31.600000,29.169828,8274000
2015-11-24,31.900000,31.900000,31.299999,31.299999,28.892899,6947000
2015-11-25,31.100000,31.450001,30.400000,30.500000,28.154423,7329000
2015-11-26,30.600000,31.900000,30.600000,31.350000,28.939054,6390000
2015-11-27,31.500000,31.549999,30.900000,31.000000,28.615971,4781000
2015-11-30,30.049999,30.150000,29.000000,29.450001,27.185173,21719000
2015-12-01,30.000000,30.500000,29.600000,30.500000,28.154423,9208000
2015-12-02,30.500000,30.900000,30.100000,30.500000,28.154423,6245000
2015-12-03,30.100000,30.500000,30.000000,30.450001,28.108269,4222000
2015-12-04,30.049999,30.500000,29.850000,30.200001,27.877495,7375000
2015-12-07,30.600000,31.150000,30.350000,30.350000,28.015959,4827000
2015-12-08,30.500000,30.500000,29.900000,30.150000,27.831339,5288000
2015-12-09,30.000000,30.100000,29.500000,29.549999,27.277481,6482000
2015-12-10,29.299999,29.450001,28.700001,29.100000,26.862089,9750000
2015-12-11,29.049999,29.299999,27.850000,27.850000,25.708220,15236000
2015-12-14,27.650000,27.650000,26.900000,27.150000,25.062050,11182000
2015-12-15,27.450001,27.850000,27.299999,27.400000,25.292826,8845000
2015-12-16,27.500000,27.799999,27.350000,27.400000,25.292826,9582000
2015-12-17,27.600000,27.850000,27.450001,27.750000,25.615910,7320000
2015-12-18,27.950001,27.950001,27.299999,27.299999,25.200516,7388000
2015-12-21,27.000000,27.750000,27.000000,27.750000,25.615910,5990000
2015-12-22,27.950001,27.950001,27.250000,27.250000,25.154360,6356000
2015-12-23,27.650000,27.650000,27.299999,27.400000,25.292826,6479000
2015-12-24,27.600000,28.200001,27.600000,27.950001,25.800528,10320000
2015-12-25,28.200001,28.200001,27.650000,27.700001,25.569756,4332000
2015-12-28,28.000000,28.100000,27.750000,27.950001,25.800528,4854000
2015-12-29,28.000000,28.049999,27.650000,27.650000,25.523600,3530000
2015-12-30,27.950001,27.950001,27.100000,27.200001,25.108206,6287000
2015-12-31,27.549999,27.650000,27.000000,27.299999,25.200516,9105000
2016-01-04,27.299999,27.299999,26.150000,26.150000,24.138954,10418000
2016-01-05,26.150000,26.700001,26.100000,26.400000,24.369730,5369000
2016-01-06,26.450001,26.549999,26.000000,26.049999,24.046646,5148000
2016-01-07,26.299999,27.600000,26.250000,27.350000,25.246672,20251000
2016-01-08,27.250000,27.299999,26.700001,27.000000,24.923588,11895000
2016-01-11,26.500000,26.549999,25.750000,26.000000,24.000492,11749000
2016-01-12,26.200001,26.250000,26.000000,26.100000,24.092800,5327000
2016-01-13,26.200001,26.750000,26.200001,26.750000,24.692814,6260000
2016-01-14,26.200001,26.750000,26.000000,26.750000,24.692814,7923000
2016-01-15,26.650000,26.900000,26.150000,26.900000,24.831278,10023000
2016-01-18,26.500000,26.900000,26.250000,26.600000,24.554350,7041000
2016-01-19,26.549999,26.600000,26.299999,26.500000,24.462038,3333000
2016-01-20,26.200001,26.250000,25.850000,26.100000,24.092800,7087000
2016-01-21,26.250000,26.299999,25.850000,25.850000,23.862028,4478000
2016-01-22,26.000000,26.150000,25.600000,25.650000,23.677408,6336000
2016-01-25,25.850000,26.000000,25.750000,25.850000,23.862028,6236000
2016-01-26,25.650000,25.750000,25.450001,25.500000,23.538944,3967000
2016-01-27,25.600000,25.750000,25.500000,25.500000,23.538944,3824000
2016-01-28,25.500000,26.000000,25.500000,25.850000,23.862028,5526000
2016-01-29,25.850000,26.799999,25.799999,26.600000,24.554350,7660000
2016-01-30,null,null,null,null,null,null
2016-02-01,27.200001,27.250000,26.650000,27.250000,25.154360,5871000
2016-02-02,27.100000,27.100000,26.850000,26.850000,24.785122,6130000
2016-02-03,26.750000,26.850000,26.250000,26.600000,24.554350,6222000
2016-02-15,26.799999,27.350000,26.600000,27.049999,24.969742,5708000
2016-02-16,27.299999,28.250000,27.299999,28.250000,26.077456,9582000
2016-02-17,28.299999,28.299999,27.650000,28.150000,25.985147,5698000
2016-02-18,28.350000,29.049999,28.150000,29.049999,26.815933,9020000
2016-02-19,29.000000,29.100000,28.600000,29.100000,26.862089,6002000
2016-02-22,29.299999,29.799999,29.100000,29.299999,27.046707,4967000
2016-02-23,29.400000,29.450001,28.950001,29.299999,27.046707,4592000
2016-02-24,29.299999,29.500000,29.049999,29.200001,26.954399,7521000
2016-02-25,29.299999,29.600000,29.250000,29.500000,27.231327,5458000
2016-02-26,29.799999,30.299999,29.700001,30.000000,27.692875,7386000
2016-03-01,29.900000,30.000000,29.350000,29.850000,27.554411,6581000
2016-03-02,29.900000,30.250000,29.799999,29.950001,27.646721,6942000
2016-03-03,29.950001,30.400000,29.750000,30.400000,28.062111,8328000
2016-03-04,30.400000,30.450001,29.650000,29.750000,27.462101,10610000
2016-03-07,29.750000,30.450001,29.750000,30.450001,28.108269,10616000
2016-03-08,30.600000,30.750000,30.100000,30.600000,28.246733,11278000
2016-03-09,30.450001,30.450001,29.900000,29.950001,27.646721,6983000
2016-03-10,30.000000,30.700001,30.000000,30.700001,28.339043,8413000
2016-03-11,30.600000,30.650000,30.299999,30.400000,28.062111,4121000
2016-03-14,30.850000,30.850000,30.400000,30.700001,28.339043,6379000
2016-03-15,30.700001,30.700001,29.950001,30.100000,27.785185,6863000
2016-03-16,30.200001,30.400000,29.950001,30.400000,28.062111,5486000
2016-03-17,30.700001,30.850000,30.400000,30.850000,28.477507,7095000
2016-03-18,31.049999,31.600000,31.049999,31.600000,29.169828,17196000
2016-03-21,31.750000,31.950001,31.100000,31.650000,29.215982,4772000
2016-03-22,31.750000,32.099998,31.250000,32.099998,29.631374,5146000
2016-03-23,31.850000,32.000000,31.400000,31.600000,29.169828,4852000
2016-03-24,31.600000,31.600000,30.850000,30.850000,28.477507,12369000
2016-03-25,31.000000,31.500000,30.950001,31.299999,28.892899,4167000
2016-03-28,31.200001,31.400000,30.900000,31.350000,28.939054,3272000
2016-03-29,31.000000,31.299999,30.350000,30.700001,28.339043,4484000
2016-03-30,30.850000,31.450001,30.850000,31.250000,28.846745,5565000
2016-03-31,31.299999,31.500000,31.000000,31.500000,29.077518,8834000
2016-04-01,30.850000,31.049999,30.400000,30.799999,28.431351,5939000
2016-04-06,30.400000,30.500000,30.000000,30.000000,27.692875,7665000
2016-04-07,30.000000,30.299999,29.299999,29.850000,27.554411,7095000
2016-04-08,29.750000,30.200001,29.450001,30.200001,27.877495,9648000
2016-04-11,29.400000,30.200001,29.400000,30.200001,27.877495,5671000
2016-04-12,30.200001,30.600000,29.900000,30.500000,28.154423,5674000
2016-04-13,30.600000,31.600000,30.549999,31.600000,29.169828,13058000
2016-04-14,31.700001,33.250000,31.700001,33.000000,30.462162,25834000
2016-04-15,33.099998,33.849998,32.500000,33.549999,30.969866,12895000
2016-04-18,33.950001,35.000000,33.250000,33.950001,31.339104,9609000
2016-04-19,34.000000,34.099998,33.400002,33.500000,30.923712,6078000
2016-04-20,34.150002,34.200001,32.599998,32.849998,30.323696,7393000
2016-04-21,33.200001,33.500000,32.849998,33.500000,30.923712,6799000
2016-04-22,33.500000,33.549999,33.000000,33.099998,30.554470,3890000
2016-04-25,33.000000,33.500000,33.000000,33.200001,30.646782,2866000
2016-04-26,33.250000,33.500000,32.750000,32.950001,30.416008,3847000
2016-04-27,32.750000,33.299999,32.700001,33.000000,30.462162,4835000
2016-04-28,33.450001,33.599998,32.799999,33.250000,30.692936,6299000
2016-04-29,32.799999,33.099998,32.450001,32.900002,30.369854,5999000
2016-05-03,33.000000,33.000000,32.400002,32.650002,30.139080,4532000
2016-05-04,32.000000,32.349998,30.450001,31.000000,28.615971,12135000
2016-05-05,30.400000,31.100000,30.400000,30.799999,28.431351,9543000
2016-05-06,30.500000,31.000000,30.150000,30.700001,28.339043,6427000
2016-05-09,30.299999,30.700001,30.000000,30.000000,27.692875,5529000
2016-05-10,29.799999,30.400000,29.700001,30.200001,27.877495,6691000
2016-05-11,30.400000,30.549999,29.600000,29.650000,27.369791,6432000
2016-05-12,29.500000,29.799999,29.450001,29.700001,27.415945,3232000
2016-05-13,29.400000,29.549999,28.799999,29.000000,26.769777,6313000
2016-05-16,28.600000,28.750000,28.299999,28.600000,26.400539,5108000
2016-05-17,28.650000,29.150000,28.400000,29.000000,26.769777,7748000
2016-05-18,28.500000,28.799999,28.250000,28.500000,26.308231,7208000
2016-05-19,28.400000,28.450001,27.549999,27.700001,25.569756,11056000
2016-05-20,27.799999,28.450001,27.700001,28.299999,26.123610,7789000
2016-05-23,28.299999,29.200001,27.600000,28.799999,26.585159,8056000
2016-05-24,29.000000,29.150000,28.799999,28.900000,26.677469,4960000
2016-05-25,29.500000,29.500000,28.900000,29.250000,27.000553,5088000
2016-05-26,29.250000,29.400000,28.850000,29.299999,27.046707,4260000
2016-05-27,29.400000,29.450001,29.200001,29.450001,27.185173,3575000
2016-05-30,29.299999,29.850000,29.200001,29.650000,27.369791,3279000
2016-05-31,29.700001,30.049999,29.200001,30.049999,27.739027,19861000
2016-06-01,30.000000,30.200001,29.650000,29.900000,27.600565,4652000
2016-06-02,29.900000,30.100000,29.799999,30.000000,27.692875,5244000
2016-06-03,30.100000,30.700001,30.049999,30.700001,28.339043,4032000
2016-06-04,null,null,null,null,null,null
2016-06-06,30.950001,30.950001,29.900000,29.950001,27.646721,4247000
2016-06-07,30.400000,31.450001,30.400000,31.299999,28.892899,8751000
2016-06-08,31.299999,31.650000,31.150000,31.600000,29.169828,5823000
2016-06-13,31.600000,31.950001,31.200001,31.500000,29.077518,6843000
2016-06-14,31.450001,31.750000,31.150000,31.299999,28.892899,4046000
2016-06-15,31.299999,32.549999,31.299999,32.200001,29.723686,7847000
2016-06-16,32.000000,32.000000,30.600000,30.650000,28.292887,9962000
2016-06-17,30.950001,31.900000,30.950001,31.900000,29.446756,9163000
2016-06-20,32.200001,32.400002,31.900000,32.200001,29.723686,4377000
2016-06-21,32.200001,32.500000,32.150002,32.500000,30.000614,6411000
2016-06-22,32.500000,32.750000,32.099998,32.750000,30.231388,5670000
2016-06-23,32.700001,32.700001,31.900000,31.950001,29.492912,3763000
2016-06-24,32.299999,32.400002,31.200001,31.500000,29.077518,8346000
2016-06-27,31.049999,31.650000,31.049999,31.500000,29.077518,2213000
2016-06-28,31.000000,31.900000,30.850000,31.850000,29.400602,8346000
2016-06-29,31.799999,31.950001,31.450001,31.500000,29.077518,4878000
2016-06-30,31.549999,32.049999,31.350000,32.049999,29.585220,7800000
2016-07-01,32.500000,32.700001,32.200001,32.650002,30.139080,10521000
2016-07-04,32.700001,33.650002,32.650002,33.650002,31.062176,12370000
2016-07-05,33.700001,34.349998,33.549999,33.950001,31.339104,13216000
2016-07-06,33.950001,33.950001,32.799999,33.099998,30.554470,10242000
2016-07-07,33.099998,34.150002,33.099998,34.099998,31.477568,10082000
2016-07-08,null,null,null,null,null,null
2016-07-11,34.700001,35.099998,34.299999,35.099998,32.400661,20226000
2016-07-12,35.099998,35.099998,34.500000,34.799999,32.123734,8338000
2016-07-13,34.950001,35.099998,34.700001,35.000000,32.308353,10459000
2016-07-14,35.000000,35.099998,34.799999,35.049999,32.354507,6401000
2016-07-15,35.000000,35.500000,34.849998,35.250000,32.539127,10935000
2016-07-18,35.299999,35.500000,35.049999,35.500000,32.769901,8933000
2016-07-19,35.549999,35.750000,35.400002,35.599998,32.862209,10189000
2016-07-20,35.599998,36.000000,35.250000,35.299999,32.585281,10440000
2016-07-21,35.450001,35.650002,35.349998,35.500000,32.769901,12270000
2016-07-22,35.450001,35.950001,34.650002,34.849998,32.169891,12485000
2016-07-25,33.900002,34.150002,33.450001,34.099998,32.726528,10390000
2016-07-26,34.099998,34.099998,33.599998,33.750000,32.390625,4193000
2016-07-27,34.000000,34.049999,33.750000,34.049999,32.678539,2903000
2016-07-28,33.950001,34.099998,33.650002,34.099998,32.726528,5219000
2016-07-29,34.099998,34.099998,33.799999,33.900002,32.534584,4147000
2016-08-01,34.000000,34.000000,33.599998,33.900002,32.534584,4197000
2016-08-02,33.900002,34.400002,33.849998,34.400002,33.014446,4287000
2016-08-03,33.700001,34.950001,33.299999,34.900002,33.494308,6425000
2016-08-04,34.900002,34.900002,34.099998,34.500000,33.110416,4428000
2016-08-05,34.500000,35.150002,34.349998,34.900002,33.494308,5660000
2016-08-08,35.000000,35.099998,34.650002,35.000000,33.590279,4035000
2016-08-09,34.849998,35.049999,34.799999,35.000000,33.590279,4717000
2016-08-10,35.000000,35.099998,34.599998,35.049999,33.638264,5558000
2016-08-11,34.650002,35.000000,34.599998,35.000000,33.590279,4677000
2016-08-12,35.000000,35.000000,34.700001,35.000000,33.590279,4005000
2016-08-15,34.950001,35.000000,34.750000,35.000000,33.590279,3064000
2016-08-16,35.000000,35.000000,34.599998,34.849998,33.446320,5263000
2016-08-17,34.799999,34.799999,34.150002,34.200001,32.822502,4515000
2016-08-18,34.200001,35.099998,34.150002,35.099998,33.686249,6577000
2016-08-19,36.000000,38.000000,36.000000,36.750000,35.269791,17469000
2016-08-22,36.750000,37.799999,36.599998,37.450001,35.941597,17350000
2016-08-23,37.599998,37.599998,37.049999,37.549999,36.037567,7517000
2016-08-24,37.549999,37.950001,37.200001,37.450001,35.941597,5193000
2016-08-25,37.599998,37.900002,37.549999,37.700001,36.181530,7064000
2016-08-26,37.799999,37.799999,37.450001,37.450001,35.941597,3818000
2016-08-29,37.599998,37.950001,36.599998,36.750000,35.269791,7661000
2016-08-30,37.049999,37.049999,36.099998,36.150002,34.693958,9740000
2016-08-31,36.250000,36.500000,36.099998,36.250000,34.789932,8051000
2016-09-01,36.099998,36.250000,35.049999,35.250000,33.830208,10898000
2016-09-02,35.400002,35.750000,35.200001,35.599998,34.166111,5846000
2016-09-05,36.099998,36.500000,36.099998,36.400002,34.933891,6590000
2016-09-06,36.450001,37.500000,36.299999,37.349998,35.845623,8563000
2016-09-07,37.500000,37.700001,37.150002,37.400002,35.893612,8458000
2016-09-08,37.500000,37.549999,36.450001,36.549999,35.077847,7010000
2016-09-09,36.049999,36.200001,35.599998,35.750000,34.310070,4276000
2016-09-10,null,null,null,null,null,null
2016-09-12,35.049999,35.099998,34.599998,34.799999,33.398331,7341000
2016-09-13,34.700001,35.000000,34.099998,34.400002,33.014446,7556000
2016-09-14,34.200001,35.049999,33.950001,34.250000,32.870487,10455000
2016-09-19,34.000000,34.599998,33.900002,34.450001,33.062431,6351000
2016-09-20,34.500000,34.549999,34.150002,34.500000,33.110416,5400000
2016-09-21,34.500000,36.299999,34.349998,36.150002,34.693958,12240000
2016-09-22,36.599998,36.599998,35.500000,35.650002,34.214100,6642000
2016-09-23,35.849998,36.200001,35.299999,35.950001,34.502014,4969000
2016-09-26,35.799999,36.450001,35.700001,36.049999,34.597984,3140000
2016-09-27,36.049999,36.049999,36.049999,36.049999,34.597984,0
2016-09-28,36.049999,36.049999,36.049999,36.049999,34.597984,0
2016-09-29,36.650002,36.700001,36.099998,36.650002,35.173820,6062000
2016-09-30,36.250000,36.299999,35.599998,35.799999,34.358055,5930000
2016-10-03,35.799999,36.200001,35.750000,35.750000,34.310070,2583000
2016-10-04,36.200001,36.200001,35.650002,35.950001,34.502014,6603000
2016-10-05,35.599998,36.400002,35.599998,36.400002,34.933891,4089000
2016-10-06,36.400002,36.650002,36.049999,36.599998,35.125832,2646000
2016-10-07,36.599998,36.700001,36.349998,36.650002,35.173820,3982000
2016-10-11,36.849998,36.849998,35.799999,36.049999,34.597984,3857000
2016-10-12,35.900002,36.799999,35.849998,36.049999,34.597984,3839000
2016-10-13,36.049999,36.049999,35.000000,35.000000,33.590279,9167000
2016-10-14,35.099998,35.900002,35.099998,35.849998,34.406040,4113000
2016-10-17,36.049999,36.099998,35.150002,36.049999,34.597984,4104000
2016-10-18,35.849998,36.450001,35.750000,36.400002,34.933891,5282000
2016-10-19,36.400002,37.349998,36.400002,37.349998,35.845623,11059000
2016-10-20,37.349998,37.500000,36.599998,36.900002,35.413750,6830000
2016-10-21,37.000000,37.099998,36.700001,36.700001,35.221806,7025000
2016-10-24,36.750000,37.150002,36.750000,37.000000,35.509724,4319000
2016-10-25,37.500000,37.799999,37.200001,37.450001,35.941597,8673000
2016-10-26,36.950001,37.799999,36.950001,37.549999,36.037567,4654000
2016-10-27,37.349998,37.549999,37.049999,37.549999,36.037567,4636000
2016-10-28,37.450001,37.799999,37.200001,37.799999,36.277500,3983000
2016-10-31,37.450001,37.950001,36.900002,37.849998,36.325485,7114000
2016-11-01,37.250000,37.700001,37.200001,37.349998,35.845623,3590000
2016-11-02,37.000000,37.049999,36.200001,36.250000,34.789932,6471000
2016-11-03,35.900002,36.150002,35.849998,35.900002,34.454029,4493000
2016-11-04,35.849998,36.049999,35.549999,36.049999,34.597984,4807000
2016-11-07,36.049999,37.099998,36.049999,37.099998,35.605694,6356000
2016-11-08,37.299999,37.650002,37.049999,37.500000,35.989582,4432000
2016-11-09,37.799999,37.950001,36.049999,36.299999,34.837917,7404000
2016-11-10,36.900002,38.200001,36.900002,38.150002,36.613403,14716000
2016-11-11,37.500000,37.849998,37.099998,37.500000,35.989582,10710000
2016-11-14,37.400002,37.750000,36.849998,37.049999,35.557709,6571000
2016-11-15,37.099998,37.400002,36.700001,36.700001,35.221806,5193000
2016-11-16,37.200001,37.250000,36.549999,36.549999,35.077847,6260000
2016-11-17,36.549999,36.549999,35.950001,36.200001,34.741943,9305000
2016-11-18,36.099998,36.150002,35.599998,35.849998,34.406040,6817000
2016-11-21,36.000000,36.799999,35.799999,36.799999,35.317776,7148000
2016-11-22,36.700001,37.200001,36.599998,37.099998,35.605694,5895000
2016-11-23,37.150002,37.150002,36.750000,37.150002,35.653683,4154000
2016-11-24,37.000000,37.049999,36.549999,36.750000,35.269791,3137000
2016-11-25,36.500000,36.750000,36.500000,36.750000,35.269791,2078000
2016-11-28,36.750000,37.099998,36.549999,37.000000,35.509724,2418000
2016-11-29,37.000000,37.000000,36.500000,36.599998,35.125832,3449000
2016-11-30,36.900002,37.049999,36.549999,36.849998,35.365761,10767000
2016-12-01,37.299999,37.349998,36.900002,37.099998,35.605694,4975000
2016-12-02,36.700001,37.250000,36.700001,37.099998,35.605694,3989000
2016-12-05,37.099998,37.099998,36.549999,36.700001,35.221806,3641000
2016-12-06,37.250000,37.299999,36.700001,36.950001,35.461739,4700000
2016-12-07,37.099998,37.200001,36.750000,37.049999,35.557709,5066000
2016-12-08,37.099998,38.000000,37.049999,38.000000,36.469444,9236000
2016-12-09,38.000000,38.000000,37.549999,37.950001,36.421459,6358000
2016-12-12,38.000000,38.299999,37.599998,37.900002,36.373474,5848000
2016-12-13,37.900002,37.900002,37.450001,37.849998,36.325485,4746000
2016-12-14,37.849998,37.849998,37.599998,37.700001,36.181530,3844000
2016-12-15,37.500000,37.700001,36.900002,37.049999,35.557709,5064000
2016-12-16,37.049999,37.200001,36.549999,36.650002,35.173820,7870000
2016-12-19,36.599998,36.599998,35.900002,36.000000,34.549999,5425000
2016-12-20,36.200001,36.299999,36.049999,36.250000,34.789932,3417000
2016-12-21,36.400002,36.400002,35.849998,35.900002,34.454029,4135000
2016-12-22,35.900002,35.900002,35.000000,35.000000,33.590279,6913000
2016-12-23,34.900002,34.950001,34.349998,34.349998,32.966457,6933000
2016-12-26,34.400002,34.849998,34.000000,34.250000,32.870487,4683000
2016-12-27,34.299999,34.299999,34.049999,34.099998,32.726528,2945000
2016-12-28,34.200001,34.500000,34.150002,34.500000,33.110416,6385000
2016-12-29,34.500000,34.500000,34.200001,34.200001,32.822502,5501000
2016-12-30,34.500000,35.150002,34.299999,35.150002,33.734238,6113000
2017-01-03,35.450001,35.450001,34.799999,35.150002,33.734238,2884000
2017-01-04,35.200001,35.299999,35.000000,35.250000,33.830208,3292000
2017-01-05,35.000000,35.250000,34.900002,35.250000,33.830208,3584000
2017-01-06,35.299999,35.299999,34.900002,35.250000,33.830208,3535000
2017-01-09,35.250000,35.349998,34.900002,34.900002,33.494308,4401000
2017-01-10,34.799999,35.150002,34.650002,34.950001,33.542294,2859000
2017-01-11,35.150002,35.849998,35.049999,35.799999,34.358055,5398000
2017-01-12,35.849998,36.299999,35.700001,36.299999,34.837917,7958000
2017-01-13,36.299999,36.400002,35.700001,36.000000,34.549999,3892000
2017-01-16,35.799999,36.049999,35.599998,35.799999,34.358055,2142000
2017-01-17,35.900002,36.000000,35.549999,35.549999,34.118126,2897000
2017-01-18,35.450001,35.549999,35.299999,35.450001,34.022152,4303000
2017-01-19,35.200001,35.200001,34.599998,34.650002,33.254375,6094000
2017-01-20,34.799999,35.099998,34.750000,34.950001,33.542294,2350000
2017-01-23,34.500000,35.799999,34.500000,35.750000,34.310070,9426000
2017-01-24,35.750000,36.000000,35.299999,35.400002,33.974167,6784000
2017-02-02,36.250000,36.299999,35.299999,35.299999,33.878193,12146000
2017-02-03,35.250000,36.000000,35.200001,36.000000,34.549999,5401000
2017-02-06,36.049999,36.049999,35.549999,35.599998,34.166111,3306000
2017-02-07,35.400002,35.500000,35.200001,35.250000,33.830208,6880000
2017-02-08,35.250000,35.450001,34.950001,35.200001,33.782223,6310000
2017-02-09,35.000000,36.299999,35.000000,36.299999,34.837917,13647000
2017-02-10,38.200001,38.799999,37.799999,38.200001,36.661388,39347000
2017-02-13,38.200001,38.200001,37.599998,38.000000,36.469444,9208000
2017-02-14,37.349998,38.200001,37.349998,37.799999,36.277500,9418000
2017-02-15,37.799999,38.250000,37.700001,38.049999,36.517429,8821000
2017-02-16,38.099998,38.150002,37.549999,37.650002,36.133545,5499000
2017-02-17,37.650002,37.650002,37.099998,37.500000,35.989582,6879000
2017-02-18,null,null,null,null,null,null
2017-02-20,37.299999,37.349998,36.500000,36.599998,35.125832,6772000
2017-02-21,36.700001,37.400002,36.700001,37.049999,35.557709,9404000
2017-02-22,37.450001,38.400002,37.250000,38.200001,36.661388,13602000
2017-02-23,38.299999,38.299999,37.650002,38.000000,36.469444,5631000
2017-02-24,38.000000,38.099998,37.650002,37.650002,36.133545,9863000
2017-03-01,37.650002,38.250000,37.599998,37.700001,36.181530,8500000
2017-03-02,38.000000,38.900002,38.000000,38.150002,36.613403,16400000
2017-03-03,38.150002,38.549999,38.000000,38.000000,36.469444,7353000
2017-03-06,37.900002,38.099998,37.750000,37.799999,36.277500,5191000
2017-03-07,37.799999,38.250000,37.799999,38.200001,36.661388,2594000
2017-03-08,38.200001,38.450001,38.150002,38.150002,36.613403,6345000
2017-03-09,38.000000,38.000000,37.500000,37.500000,35.989582,7130000
2017-03-10,37.299999,37.299999,36.849998,37.000000,35.509724,5332000
2017-03-13,37.200001,37.950001,37.200001,37.599998,36.085552,5010000
2017-03-14,37.599998,37.900002,37.450001,37.799999,36.277500,4838000
2017-03-15,37.700001,38.400002,37.549999,38.200001,36.661388,6951000
2017-03-16,38.200001,38.500000,37.900002,38.000000,36.469444,4470000
2017-03-17,38.150002,38.400002,37.950001,38.200001,36.661388,9149000
2017-03-20,38.000000,38.200001,37.900002,38.150002,36.613403,2705000
2017-03-21,38.000000,38.400002,37.849998,38.400002,36.853336,6755000
2017-03-22,37.950001,38.000000,37.750000,37.900002,36.373474,5055000
2017-03-23,38.150002,38.250000,37.700001,38.000000,36.469444,3373000
2017-03-24,38.000000,38.099998,37.799999,38.000000,36.469444,3684000
2017-03-27,37.849998,37.849998,37.549999,37.750000,36.229515,5650000
2017-03-28,37.799999,37.799999,36.900002,37.150002,35.653683,12327000
2017-03-29,37.400002,37.700001,37.250000,37.700001,36.181530,3792000
2017-03-30,37.650002,37.650002,36.849998,36.849998,35.365761,6229000
2017-03-31,37.099998,37.200001,36.299999,36.299999,34.837917,8804000
2017-04-05,36.400002,37.200001,36.400002,37.049999,35.557709,7377000
2017-04-06,37.200001,37.450001,37.099998,37.299999,35.797638,5067000
2017-04-07,36.950001,37.250000,36.500000,37.150002,35.653683,3782000
2017-04-10,37.150002,37.150002,36.849998,37.000000,35.509724,972000
2017-04-11,37.000000,37.299999,36.900002,36.900002,35.413750,3057000
2017-04-12,37.250000,37.500000,36.700001,36.849998,35.365761,4319000
2017-04-13,36.900002,37.049999,36.750000,36.750000,35.269791,2232000
2017-04-14,36.599998,36.750000,36.400002,36.500000,35.029861,2228000
2017-04-17,36.650002,36.700001,36.349998,36.500000,35.029861,2457000
2017-04-18,36.599998,36.650002,36.250000,36.450001,34.981876,2833000
2017-04-19,36.450001,36.450001,36.450001,36.450001,34.981876,0
2017-04-20,36.450001,36.450001,36.450001,36.450001,34.981876,0
2017-04-21,36.450001,37.099998,35.349998,35.599998,34.166111,15666000
2017-04-24,35.799999,37.299999,35.750000,36.250000,34.789932,10223000
2017-04-25,36.200001,36.200001,35.450001,35.549999,34.118126,11855000
2017-04-26,35.650002,35.849998,35.500000,35.650002,34.214100,9693000
2017-04-27,35.549999,35.650002,35.099998,35.299999,33.878193,8219000
2017-04-28,35.299999,35.299999,35.049999,35.099998,33.686249,6572000
2017-05-02,35.400002,35.400002,35.150002,35.200001,33.782223,5248000
2017-05-03,35.099998,35.299999,35.000000,35.200001,33.782223,3414000
2017-05-04,35.200001,35.250000,35.000000,35.250000,33.830208,4874000
2017-05-05,35.049999,35.099998,34.700001,34.700001,33.302361,5444000
2017-05-08,34.750000,34.799999,34.500000,34.549999,33.158401,6070000
2017-05-09,34.500000,34.799999,34.450001,34.650002,33.254375,3875000
2017-05-10,34.650002,34.750000,34.500000,34.750000,33.350346,3398000
2017-05-11,34.799999,35.000000,34.150002,34.549999,33.158401,6685000
2017-05-12,34.599998,34.700001,34.000000,34.049999,32.678539,7511000
2017-05-15,34.049999,34.650002,34.049999,34.599998,33.206387,3056000
2017-05-16,34.799999,35.099998,34.700001,35.099998,33.686249,8936000
2017-05-17,34.900002,34.950001,34.650002,34.799999,33.398331,4568000
2017-05-18,34.549999,34.799999,34.349998,34.750000,33.350346,1683000
2017-05-19,34.599998,34.650002,34.500000,34.500000,33.110416,2191000
2017-05-22,34.849998,34.849998,34.400002,34.599998,33.206387,1702000
2017-05-23,34.400002,34.450001,34.250000,34.299999,32.918472,2623000
2017-05-24,34.299999,34.500000,34.150002,34.500000,33.110416,3219000
2017-05-25,34.349998,34.950001,34.349998,34.799999,33.398331,6938000
2017-05-26,34.700001,34.849998,34.549999,34.650002,33.254375,4339000
2017-05-31,34.650002,34.799999,34.400002,34.400002,33.014446,7029000
2017-06-01,34.400002,34.599998,34.349998,34.349998,32.966457,4065000
2017-06-02,34.400002,34.700001,34.400002,34.599998,33.206387,3282000
2017-06-03,null,null,null,null,null,null
2017-06-05,34.799999,34.849998,34.500000,34.549999,33.158401,5047000
2017-06-06,34.400002,34.549999,34.400002,34.400002,33.014446,4634000
2017-06-07,34.400002,34.450001,34.099998,34.349998,32.966457,6619000
2017-06-08,34.349998,34.500000,34.099998,34.349998,32.966457,3361000
2017-06-09,34.349998,34.599998,34.299999,34.599998,33.206387,3495000
2017-06-12,34.599998,34.599998,34.099998,34.099998,32.726528,3748000
2017-06-13,34.400002,34.450001,34.200001,34.200001,32.822502,1892000
2017-06-14,34.200001,34.299999,34.000000,34.250000,32.870487,2374000
2017-06-15,34.250000,34.250000,33.500000,34.000000,32.630554,5050000
2017-06-16,33.900002,33.900002,33.500000,33.849998,32.486595,8687000
2017-06-19,33.650002,33.900002,33.599998,33.900002,32.534584,4624000
2017-06-20,33.900002,34.549999,33.849998,34.450001,33.062431,4456000
2017-06-21,34.500000,34.799999,34.200001,34.799999,33.398331,5769000
2017-06-22,34.700001,34.950001,34.700001,34.900002,33.494308,3539000
2017-06-23,34.849998,34.950001,34.700001,34.900002,33.494308,2646000
2017-06-26,34.900002,35.000000,34.799999,35.000000,33.590279,4242000
2017-06-27,35.000000,35.200001,34.750000,34.750000,33.350346,4442000
2017-06-28,34.849998,35.099998,34.650002,35.099998,33.686249,3808000
2017-06-29,35.150002,35.150002,34.900002,35.099998,33.686249,3924000
2017-06-30,35.099998,35.250000,34.950001,35.200001,33.782223,3946000
2017-07-03,35.250000,35.500000,35.200001,35.450001,34.022152,4342000
2017-07-04,35.349998,35.700001,35.299999,35.450001,34.022152,6366000
2017-07-05,35.450001,35.599998,35.299999,35.599998,34.166111,4113000
2017-07-06,35.599998,35.650002,35.299999,35.450001,34.022152,2081000
2017-07-07,35.349998,35.400002,35.049999,35.200001,33.782223,1955000
2017-07-10,35.000000,35.250000,34.750000,35.000000,33.590279,3185000
2017-07-11,34.849998,35.450001,34.849998,35.150002,33.734238,3111000
2017-07-12,35.250000,35.299999,34.900002,34.950001,33.542294,4048000
2017-07-13,35.250000,35.549999,35.049999,35.099998,33.686249,5343000
2017-07-14,35.000000,35.599998,34.950001,35.500000,34.070137,5389000
2017-07-17,35.400002,35.849998,35.349998,35.799999,34.358055,7361000
2017-07-18,35.650002,36.049999,35.250000,35.900002,34.454029,6816000
2017-07-19,35.799999,36.200001,35.700001,36.150002,34.693958,8237000
2017-07-20,36.000000,36.250000,35.950001,36.200001,34.741943,6431000
2017-07-21,36.200001,36.250000,36.049999,36.099998,34.645969,5262000
2017-07-24,36.099998,36.099998,35.799999,36.000000,34.549999,7861000
2017-07-25,34.650002,34.799999,34.500000,34.549999,34.549999,8286000
2017-07-26,34.500000,34.650002,34.349998,34.500000,34.500000,6022000
2017-07-27,34.500000,35.299999,34.500000,35.200001,35.200001,13981000
2017-07-28,35.000000,35.299999,34.900002,35.200001,35.200001,11891000
2017-07-31,35.049999,35.250000,34.950001,35.000000,35.000000,8089000
2017-08-01,34.900002,35.250000,34.900002,35.000000,35.000000,6306000
2017-08-02,35.049999,35.200001,34.950001,35.099998,35.099998,4703000
2017-08-03,34.900002,35.049999,34.799999,34.900002,34.900002,5969000
2017-08-04,34.849998,35.099998,34.799999,34.799999,34.799999,5205000
2017-08-07,34.799999,35.150002,34.799999,35.000000,35.000000,7450000
2017-08-08,34.799999,35.099998,34.799999,35.099998,35.099998,4946000
2017-08-09,35.000000,35.000000,34.549999,34.750000,34.750000,6530000
2017-08-10,34.700001,34.750000,34.299999,34.400002,34.400002,5480000
2017-08-11,34.099998,34.200001,34.000000,34.099998,34.099998,9184000
2017-08-14,34.150002,34.650002,34.150002,34.549999,34.549999,7002000
2017-08-15,34.500000,34.599998,34.200001,34.250000,34.250000,4980000
2017-08-16,34.200001,34.450001,34.099998,34.349998,34.349998,4092000
2017-08-17,34.299999,34.349998,34.049999,34.250000,34.250000,3187000
2017-08-18,34.150002,34.299999,34.049999,34.250000,34.250000,6391000
2017-08-21,34.250000,34.250000,34.099998,34.099998,34.099998,2353769
2017-08-22,34.250000,34.299999,34.099998,34.250000,34.250000,4545021
2017-08-23,34.250000,34.750000,34.150002,34.450001,34.450001,9287189
2017-08-24,34.400002,34.750000,34.250000,34.700001,34.700001,4320255
2017-08-25,34.650002,34.950001,34.549999,34.849998,34.849998,4441308
2017-08-28,34.900002,34.950001,34.700001,34.799999,34.799999,2748010
2017-08-29,34.700001,34.750000,34.549999,34.700001,34.700001,3363181
2017-08-30,34.700001,34.799999,34.599998,34.750000,34.750000,5243700
2017-08-31,34.700001,34.900002,34.599998,34.849998,34.849998,6697883
2017-09-01,34.700001,34.750000,34.500000,34.650002,34.650002,4098028
2017-09-04,34.500000,34.599998,34.400002,34.450001,34.450001,3280172
2017-09-05,34.400002,34.450001,34.150002,34.250000,34.250000,5093086
2017-09-06,34.150002,34.200001,34.099998,34.099998,34.099998,2694726
2017-09-07,34.099998,34.150002,33.799999,33.799999,33.799999,7281415
2017-09-08,33.849998,34.099998,33.799999,34.049999,34.049999,4166136
2017-09-11,34.000000,34.000000,33.849998,33.950001,33.950001,4425075
2017-09-12,33.900002,33.950001,33.799999,33.849998,33.849998,5221796
2017-09-13,33.849998,33.900002,33.750000,33.750000,33.750000,4557103
2017-09-14,33.750000,33.900002,33.650002,33.700001,33.700001,5554074
2017-09-15,33.599998,33.849998,33.599998,33.799999,33.799999,9707792
2017-09-18,34.000000,34.500000,33.849998,34.299999,34.299999,12690100
2017-09-19,34.049999,34.150002,33.799999,33.950001,33.950001,13632921
2017-09-20,33.900002,34.099998,33.849998,33.900002,33.900002,8599922
2017-09-21,33.849998,33.900002,33.750000,33.799999,33.799999,3629712
2017-09-22,33.849998,33.950001,33.799999,33.900002,33.900002,5641307
2017-09-25,33.900002,34.099998,33.849998,34.049999,34.049999,5548901
2017-09-26,33.900002,34.049999,33.900002,34.000000,34.000000,4758222
2017-09-27,33.900002,34.099998,33.900002,33.950001,33.950001,3358892
2017-09-28,33.900002,33.950001,33.650002,33.799999,33.799999,5472313
2017-09-29,33.799999,33.849998,33.700001,33.799999,33.799999,3224319
2017-10-02,33.799999,33.849998,33.650002,33.650002,33.650002,3802348
2017-10-03,33.700001,33.750000,33.650002,33.700001,33.700001,2411654
2017-10-05,33.650002,33.799999,33.650002,33.799999,33.799999,3818480
2017-10-06,33.799999,33.849998,33.700001,33.750000,33.750000,2930778
2017-10-11,33.950001,34.200001,33.900002,34.000000,34.000000,9503497
2017-10-12,33.900002,34.049999,33.799999,33.900002,33.900002,4256541
2017-10-13,33.849998,33.950001,33.700001,33.750000,33.750000,3944986
2017-10-16,33.849998,34.000000,33.700001,33.849998,33.849998,3491566
2017-10-17,33.900002,33.900002,33.750000,33.900002,33.900002,2370225
2017-10-18,33.950001,33.950001,33.750000,33.799999,33.799999,4344694
2017-10-19,33.750000,33.849998,33.700001,33.750000,33.750000,5175271
2017-10-20,33.700001,33.900002,33.549999,33.900002,33.900002,5544845
2017-10-23,33.700001,33.900002,33.700001,33.799999,33.799999,4129404
2017-10-24,33.650002,33.750000,33.500000,33.549999,33.549999,4497489
2017-10-25,33.500000,33.599998,33.500000,33.500000,33.500000,3160308
2017-10-26,33.549999,33.650002,33.450001,33.450001,33.450001,2953836
2017-10-27,33.500000,33.650002,33.400002,33.450001,33.450001,3308600
2017-10-30,33.500000,33.549999,33.450001,33.450001,33.450001,2933919
2017-10-31,33.400002,33.750000,33.400002,33.500000,33.500000,4424791
2017-11-01,33.650002,33.650002,33.500000,33.599998,33.599998,2575942
2017-11-02,33.599998,33.799999,33.599998,33.599998,33.599998,2410203
2017-11-03,33.599998,33.700001,33.599998,33.700001,33.700001,852829
2017-11-06,33.650002,33.750000,33.500000,33.700001,33.700001,3349093
2017-11-07,33.650002,33.700001,33.400002,33.400002,33.400002,3346840
2017-11-08,33.500000,33.599998,33.400002,33.500000,33.500000,2979585
2017-11-09,33.599998,33.650002,33.450001,33.500000,33.500000,3348717
2017-11-10,33.500000,33.700001,33.349998,33.549999,33.549999,3460138
2017-11-13,33.599998,33.700001,33.500000,33.650002,33.650002,5119785
2017-11-14,33.650002,33.750000,33.549999,33.650002,33.650002,1887525
2017-11-15,33.950001,34.950001,33.950001,34.700001,34.700001,22812777
2017-11-16,34.799999,34.849998,34.250000,34.299999,34.299999,8398867
2017-11-17,34.500000,34.750000,34.500000,34.650002,34.650002,6285532
2017-11-20,34.500000,34.799999,34.200001,34.200001,34.200001,5643344
2017-11-21,34.250000,34.549999,34.250000,34.349998,34.349998,4558093
2017-11-22,34.349998,34.700001,34.299999,34.700001,34.700001,6629869
2017-11-23,34.500000,34.849998,34.349998,34.500000,34.500000,7600588
2017-11-24,34.400002,34.750000,34.349998,34.549999,34.549999,6375974
2017-11-27,34.599998,34.599998,34.250000,34.400002,34.400002,5611257
2017-11-28,34.200001,34.250000,33.599998,33.599998,33.599998,12572523
2017-11-29,33.650002,34.000000,33.650002,33.900002,33.900002,7780909
2017-11-30,33.900002,33.950001,33.549999,33.549999,33.549999,26474022
2017-12-01,33.900002,33.900002,33.549999,33.700001,33.700001,7123033
2017-12-04,33.599998,33.950001,33.549999,33.950001,33.950001,6091409
2017-12-05,33.900002,33.950001,33.599998,33.950001,33.950001,7502890
2017-12-06,33.900002,34.650002,33.799999,33.799999,33.799999,22611757
2017-12-07,34.000000,34.150002,33.849998,33.900002,33.900002,4508123
2017-12-08,33.950001,34.049999,33.700001,33.799999,33.799999,3200243
2017-12-11,33.900002,34.099998,33.700001,34.099998,34.099998,2430644
2017-12-12,34.099998,34.099998,33.700001,33.900002,33.900002,3099372
2017-12-13,33.900002,34.099998,33.799999,34.099998,34.099998,2613981
2017-12-14,34.099998,34.200001,34.049999,34.099998,34.099998,3018536
2017-12-15,34.099998,34.099998,33.650002,34.000000,34.000000,9041129
2017-12-18,34.049999,34.099998,33.849998,34.099998,34.099998,4315751
2017-12-19,34.150002,34.599998,34.000000,34.450001,34.450001,9853266
2017-12-20,34.450001,34.700001,34.349998,34.549999,34.549999,12409979
2017-12-21,34.500000,34.700001,34.450001,34.549999,34.549999,6137501
2017-12-22,34.549999,35.299999,34.500000,35.150002,35.150002,25247556
2017-12-25,35.299999,36.250000,35.099998,36.150002,36.150002,15153859
2017-12-26,36.099998,36.500000,35.950001,36.400002,36.400002,18802178
2017-12-27,36.099998,36.450001,36.000000,36.200001,36.200001,8808450
2017-12-28,36.099998,36.250000,36.000000,36.200001,36.200001,7612103
2017-12-29,36.200001,36.799999,36.099998,36.450001,36.450001,12985478
2018-01-02,36.450001,36.599998,36.049999,36.549999,36.549999,13698944
2018-01-03,36.500000,37.349998,36.250000,37.349998,37.349998,19959825
2018-01-04,37.349998,37.450001,36.750000,37.200001,37.200001,14927721
2018-01-05,37.500000,37.500000,37.049999,37.299999,37.299999,35536815
2018-01-08,37.400002,38.299999,37.200001,38.200001,38.200001,22660681
2018-01-09,38.099998,38.549999,37.900002,38.299999,38.299999,19053008
2018-01-10,38.299999,38.500000,38.000000,38.450001,38.450001,11674625
2018-01-11,38.299999,38.349998,37.450001,37.500000,37.500000,33584535
2018-01-12,37.750000,37.950001,37.349998,37.599998,37.599998,18804747
2018-01-15,37.650002,37.849998,37.549999,37.849998,37.849998,9637157
2018-01-16,37.950001,38.099998,37.700001,38.099998,38.099998,8920163
2018-01-17,38.000000,38.500000,37.900002,38.500000,38.500000,12716828
2018-01-18,38.599998,38.650002,37.750000,37.849998,37.849998,13010910
2018-01-19,37.950001,38.099998,37.750000,37.900002,37.900002,7088117
2018-01-22,37.900002,37.900002,37.549999,37.849998,37.849998,8771524
2018-01-23,37.799999,37.799999,36.849998,37.299999,37.299999,13642470
2018-01-24,37.450001,37.450001,36.900002,37.299999,37.299999,8517283
2018-01-25,37.299999,37.650002,37.250000,37.599998,37.599998,6043087
2018-01-26,37.750000,38.200001,37.500000,38.200001,38.200001,10584133
2018-01-29,38.299999,38.400002,37.700001,37.950001,37.950001,5861953
2018-01-30,38.000000,38.049999,37.700001,37.900002,37.900002,5052325
2018-01-31,37.599998,37.900002,37.349998,37.650002,37.650002,5410009
2018-02-01,37.650002,37.950001,37.650002,37.900002,37.900002,3056615
2018-02-02,38.000000,38.000000,37.400002,37.900002,37.900002,5492531
2018-02-05,37.099998,37.799999,37.099998,37.799999,37.799999,6630801
2018-02-06,36.799999,36.799999,34.799999,35.500000,35.500000,23636993
2018-02-07,36.099998,36.799999,36.000000,36.400002,36.400002,12732168
2018-02-08,36.549999,36.849998,36.500000,36.750000,36.750000,7998055
2018-02-09,35.299999,36.200001,35.099998,35.599998,35.599998,13739138
2018-02-12,35.599998,36.200001,35.299999,35.950001,35.950001,6017173
2018-02-21,37.000000,37.200001,36.549999,37.200001,37.200001,9178788
2018-02-22,36.799999,36.950001,36.349998,36.500000,36.500000,6138179
2018-02-23,36.599998,36.950001,36.549999,36.849998,36.849998,5017144
2018-02-26,36.950001,37.000000,36.549999,36.549999,36.549999,5246439
2018-02-27,36.700001,37.000000,36.599998,37.000000,37.000000,9255910
2018-03-01,37.150002,37.200001,36.599998,37.000000,37.000000,7530036
2018-03-02,36.500000,37.000000,36.500000,36.900002,36.900002,6095003
2018-03-05,36.700001,36.799999,36.150002,36.299999,36.299999,6828678
2018-03-06,36.549999,36.750000,36.450001,36.500000,36.500000,3208042
2018-03-07,36.299999,36.599998,36.299999,36.400002,36.400002,3702388
2018-03-08,36.400002,36.650002,36.400002,36.400002,36.400002,3576385
2018-03-09,36.500000,36.700001,36.450001,36.650002,36.650002,3977028
2018-03-12,36.700001,37.200001,36.700001,37.200001,37.200001,6559562
2018-03-13,37.000000,37.549999,36.950001,37.500000,37.500000,8746005
2018-03-14,37.500000,37.700001,37.299999,37.500000,37.500000,5039751
2018-03-15,37.349998,37.700001,37.349998,37.599998,37.599998,4967923
2018-03-16,37.599998,37.700001,37.000000,37.599998,37.599998,10191776
2018-03-19,37.450001,37.549999,37.200001,37.549999,37.549999,1979911
2018-03-20,37.349998,37.349998,36.950001,37.349998,37.349998,4111790
2018-03-21,37.450001,37.450001,37.150002,37.349998,37.349998,3697305
2018-03-22,37.349998,37.650002,37.299999,37.549999,37.549999,5532247
2018-03-23,36.799999,37.000000,36.650002,37.000000,37.000000,7492897
2018-03-26,36.849998,36.900002,36.349998,36.599998,36.599998,4166613
2018-03-27,36.799999,37.200001,36.799999,37.150002,37.150002,4487686
2018-03-28,37.099998,37.099998,36.799999,37.000000,37.000000,2851838
2018-03-29,36.650002,36.799999,36.349998,36.549999,36.549999,5977425
2018-03-30,36.500000,36.799999,36.400002,36.599998,36.599998,5089666
2018-04-02,36.549999,36.849998,36.500000,36.650002,36.650002,2845216
2018-04-03,36.299999,36.950001,36.200001,36.950001,36.950001,5855277
2018-04-09,37.400002,37.450001,37.150002,37.349998,37.349998,7648516
2018-04-10,37.250000,38.400002,37.250000,38.200001,38.200001,15951693
2018-04-11,38.450001,38.799999,38.150002,38.450001,38.450001,9408389
2018-04-12,38.599998,38.599998,37.900002,38.099998,38.099998,5506470
2018-04-13,38.000000,38.400002,37.900002,38.200001,38.200001,4607344
2018-04-16,38.000000,38.250000,37.900002,38.250000,38.250000,3419974
2018-04-17,38.250000,38.250000,37.599998,38.000000,38.000000,7490481
2018-04-18,38.000000,38.349998,38.000000,38.200001,38.200001,4558474
2018-04-19,38.099998,39.200001,38.000000,39.000000,39.000000,14831475
2018-04-20,38.900002,39.299999,38.599998,38.750000,38.750000,12463820
2018-04-23,38.750000,39.099998,38.700001,38.900002,38.900002,4833651
2018-04-24,39.500000,41.000000,39.500000,40.849998,40.849998,37557211
2018-04-25,40.650002,40.900002,39.849998,40.200001,40.200001,15615426
2018-04-26,40.250000,40.900002,40.250000,40.500000,40.500000,14998877
2018-04-27,40.900002,40.900002,40.099998,40.299999,40.299999,11059291
2018-04-30,40.700001,40.849998,40.150002,40.849998,40.849998,13728774
2018-05-02,40.849998,41.400002,40.700001,40.849998,40.849998,15413381
2018-05-03,40.650002,40.799999,39.150002,39.400002,39.400002,16810513
2018-05-04,39.599998,40.099998,39.500000,39.549999,39.549999,7868494
2018-05-07,40.000000,41.349998,40.000000,40.400002,40.400002,20945014
2018-05-08,40.400002,41.200001,40.000000,40.799999,40.799999,14905884
2018-05-09,40.700001,40.750000,40.400002,40.599998,40.599998,9035573
2018-05-10,40.799999,41.299999,40.599998,41.099998,41.099998,15625626
2018-05-11,41.150002,41.450001,40.849998,41.250000,41.250000,12347124
